1 1 0 2
1.1 1.21 0.110333333333333 2.2
1.2 1.44 0.242666666666667 2.4
1.3 1.69 0.399 2.6
1.4 1.96 0.581333333333334 2.8
1.5 2.25 0.791666666666668 3
1.6 2.56 1.032 3.2
1.7 2.89 1.30433333333334 3.4
1.8 3.24 1.61066666666667 3.6
1.9 3.61 1.953 3.8
2 4 2.33333333333334 4
2.1 4.41 2.75366666666667 4.2
2.2 4.84 3.21600000000001 4.4
2.3 5.29000000000001 3.72233333333334 4.6
2.4 5.76000000000001 4.27466666666667 4.8
2.5 6.25000000000001 4.87500000000001 5
2.6 6.76000000000001 5.52533333333334 5.2
2.7 7.29000000000001 6.22766666666668 5.4
2.8 7.84000000000001 6.98400000000001 5.6
2.9 8.41000000000001 7.79633333333335 5.8
3 9.00000000000001 8.66666666666668 6
3.1 9.61000000000001 9.59700000000002 6.2
3.2 10.24 10.5893333333334 6.4
3.3 10.89 11.6456666666667 6.6
3.4 11.56 12.768 6.8
3.5 12.25 13.9583333333334 7
3.6 12.96 15.2186666666667 7.2
3.7 13.69 16.551 7.4
3.8 14.44 17.9573333333334 7.6
3.9 15.21 19.4396666666667 7.80000000000001
4 16 21 8.00000000000001
4.1 16.81 22.6403333333334 8.2
4.2 17.64 24.3626666666667 8.4
4.3 18.49 26.169 8.6
4.4 19.36 28.0613333333334 8.8
4.5 20.25 30.0416666666667 9
4.6 21.16 32.112 9.2
4.7 22.09 34.2743333333333 9.4
4.8 23.04 36.5306666666667 9.6
4.9 24.01 38.883 9.8
5 25 41.3333333333333 10
