1 1 0 1
1.1 1.1 0.105 1
1.2 1.2 0.22 1
1.3 1.3 0.345 1
1.4 1.4 0.48 1
1.5 1.5 0.625000000000001 1
1.6 1.6 0.780000000000001 1
1.7 1.7 0.945000000000001 1
1.8 1.8 1.12 1
1.9 1.9 1.305 1
2 2 1.5 1
2.1 2.1 1.705 1
2.2 2.2 1.92 1
2.3 2.3 2.145 1
2.4 2.4 2.38 1
2.5 2.5 2.625 1
2.6 2.6 2.88 1
2.7 2.7 3.145 1
2.8 2.8 3.42 1
2.9 2.9 3.705 1
3 3 4.00000000000001 1
3.1 3.1 4.30500000000001 1
3.2 3.2 4.62000000000001 1
3.3 3.3 4.94500000000001 1
3.4 3.4 5.28000000000001 1
3.5 3.5 5.62500000000001 1
3.6 3.6 5.98000000000001 1
3.7 3.7 6.34500000000001 1
3.8 3.8 6.72000000000001 1
3.9 3.9 7.10500000000001 1
4 4 7.50000000000001 1
4.1 4.1 7.90500000000001 1
4.2 4.2 8.32000000000001 1
4.3 4.3 8.74500000000001 1
4.4 4.4 9.18000000000001 1
4.5 4.5 9.625 1
4.6 4.6 10.08 1
4.7 4.7 10.545 1
4.8 4.8 11.02 1
4.9 4.9 11.505 1
5 5 12 1
