10 -0.225112035811216 2.53788580778405 7.0679720388353 -0.4998 -0.1341 -0.05952
15 -0.437888967674354 0.900577278299935 3.11127565812073 -0.4998 -0.1341 -0.05952
20 -0.482357828069965 0.342489400042502 1.62681071534411 -0.4998 -0.1341 -0.05952
25 -0.492364508940893 0.107618580754623 0.935752772233808 -0.4998 -0.1341 -0.05952
30 -0.494545728605193 -0.00318604875346756 0.568483232012812 -0.4998 -0.1341 -0.05952
35 -0.494992321659314 -0.0591800713642532 0.355311715304286 -0.4998 -0.1341 -0.05952
40 -0.495078397679874 -0.0887730060894033 0.223653080863488 -0.4998 -0.1341 -0.05952
45 -0.495094198435418 -0.104875576729238 0.138544139244435 -0.4998 -0.1341 -0.05952
50 -0.495096991958638 -0.113784292616231 0.0816028894389997 -0.4998 -0.1341 -0.05952
55 -0.495097471658577 -0.118741760872708 0.0424959392822118 -0.4998 -0.1341 -0.05952
60 -0.495097552150656 -0.121491209560322 0.0150979154360724 -0.4998 -0.1341 -0.05952
65 -0.495097565406126 -0.12299974173852 -0.00438409137721872 -0.4998 -0.1341 -0.05952
70 -0.495097567555417 -0.123814065911991 -0.0183872197887256 -0.4998 -0.1341 -0.05952
75 -0.495097567899388 -0.124245014377873 -0.0285279554077254 -0.4998 -0.1341 -0.05952
80 -0.495097567953824 -0.124468201853739 -0.0359076396006391 -0.4998 -0.1341 -0.05952
85 -0.495097567962358 -0.124581287482251 -0.0412932571752978 -0.4998 -0.1341 -0.05952
90 -0.495097567963687 -0.124637389884268 -0.0452281676384699 -0.4998 -0.1341 -0.05952
95 -0.495097567963889 -0.124664680890559 -0.0481023213149803 -0.4998 -0.1341 -0.05952
100 -0.49509756796392 -0.124677720985892 -0.0501982997951513 -0.4998 -0.1341 -0.05952
105 -0.495097567963925 -0.124683852216132 -0.0517223969664397 -0.4998 -0.1341 -0.05952
110 -0.495097567963926 -0.124686693807846 -0.0528260812569715 -0.4998 -0.1341 -0.05952
115 -0.495097567963926 -0.124687993955294 -0.0536210573331274 -0.4998 -0.1341 -0.05952
120 -0.495097567963926 -0.124688582025301 -0.054189958042435 -0.4998 -0.1341 -0.05952
125 -0.495097567963927 -0.12468884528306 -0.0545940038051449 -0.4998 -0.1341 -0.05952
130 -0.495097567963925 -0.124688962041708 -0.0548785377345171 -0.4998 -0.1341 -0.05952
135 -0.495097567963923 -0.124689013390719 -0.0550770643265626 -0.4998 -0.1341 -0.05952
140 -0.495097567963927 -0.124689035800561 -0.0552142283367394 -0.4998 -0.1341 -0.05952
145 -0.495097567963924 -0.124689045512227 -0.0553080369383601 -0.4998 -0.1341 -0.05952
150 -0.495097567963926 -0.124689049693893 -0.0553715344947749 -0.4998 -0.1341 -0.05952
155 -0.495097567963924 -0.124689051483752 -0.0554140741200214 -0.4998 -0.1341 -0.05952
160 -0.495097567963925 -0.124689052245668 -0.0554422859526196 -0.4998 -0.1341 -0.05952
165 -0.495097567963928 -0.124689052568342 -0.0554608128670498 -0.4998 -0.1341 -0.05952
170 -0.495097567963925 -0.124689052704354 -0.0554728655064496 -0.4998 -0.1341 -0.05952
175 -0.495097567963918 -0.124689052761431 -0.0554806363426547 -0.4998 -0.1341 -0.05952
180 -0.495097567963924 -0.124689052785283 -0.0554856042469817 -0.4998 -0.1341 -0.05952
185 -0.495097567963924 -0.124689052795212 -0.0554887550138977 -0.4998 -0.1341 -0.05952
190 -0.495097567963923 -0.124689052799332 -0.0554907384199793 -0.4998 -0.1341 -0.05952
195 -0.495097567963925 -0.124689052801031 -0.0554919782609307 -0.4998 -0.1341 -0.05952
200 -0.495097567963924 -0.124689052801738 -0.0554927482324853 -0.4998 -0.1341 -0.05952
