1 2.30299757093148 14.4218301024171 29.9183757912698 -0.4998 -0.1341 -0.05952
1.5 0.642807196167782 7.2536068516872 17.1509677100129 -0.4998 -0.1341 -0.05952
2 -0.118367940103363 3.21103091150257 8.60596197637852 -0.4998 -0.1341 -0.05952
2.5 -0.299522685870302 2.03079242717136 5.88067275763762 -0.4998 -0.1341 -0.05952
3 -0.417737392391783 1.09474511324827 3.60325744895535 -0.4998 -0.1341 -0.05952
3.5 -0.452725554068529 0.742849953557724 2.70431473379339 -0.4998 -0.1341 -0.05952
4 -0.477869091932378 0.417297445375668 1.83481491529387 -0.4998 -0.1341 -0.05952
4.5 -0.485692875441653 0.279366514071508 1.44775286756769 -0.4998 -0.1341 -0.05952
5 -0.491361845741621 0.141155561323343 1.03958053667451 -0.4998 -0.1341 -0.05952
5.5 -0.493103060498562 0.0787134288341522 0.844102226122868 -0.4998 -0.1341 -0.05952
6 -0.494333917499432 0.0132234666086422 0.626188262915057 -0.4998 -0.1341 -0.05952
6.5 -0.494699706608446 -0.0175149203310578 0.51667498072903 -0.4998 -0.1341 -0.05952
7 -0.494950375343916 -0.0506926236509966 0.38984882772545 -0.4998 -0.1341 -0.05952
7.5 -0.495022452237095 -0.0666556521878121 0.323927499714565 -0.4998 -0.1341 -0.05952
8 -0.495070533911525 -0.0842180964934477 0.245460330369838 -0.4998 -0.1341 -0.05952
8.5 -0.495083993255503 -0.0928075909703115 0.203659157195353 -0.4998 -0.1341 -0.05952
9 -0.495092785618731 -0.102373863959999 0.152874753067869 -0.4998 -0.1341 -0.05952
9.5 -0.495095196496999 -0.107098572802943 0.125316192410646 -0.4998 -0.1341 -0.05952
10 -0.495096746302707 -0.112394354813417 0.0913107211467001 -0.4998 -0.1341 -0.05952
10.5 -0.495097164525817 -0.115020666987348 0.0725957025378965 -0.4998 -0.1341 -0.05952
11 -0.495097430026167 -0.117968403752655 0.0492265319676758 -0.4998 -0.1341 -0.05952
11.5 -0.495097500773873 -0.11942914098954 0.0362265846481042 -0.4998 -0.1341 -0.05952
12 -0.495097545238775 -0.121063907173273 0.019846872217691 -0.4998 -0.1341 -0.05952
12.5 -0.495097556966864 -0.12187015464874 0.0106614329851323 -0.4998 -0.1341 -0.05952
13 -0.495097564277823 -0.122766825606795 -0.000989652877090243 -0.4998 -0.1341 -0.05952
13.5 -0.495097566189959 -0.123205611736909 -0.00756191026930769 -0.4998 -0.1341 -0.05952
14 -0.495097567373812 -0.123689397580277 -0.0159384269988465 -0.4998 -0.1341 -0.05952
14.5 -0.495097567681257 -0.123923814843823 -0.0206831157161401 -0.4998 -0.1341 -0.05952
15 -0.495097567870504 -0.124179668515011 -0.0267502351245504 -0.4998 -0.1341 -0.05952
15.5 -0.49509756791936 -0.124302289762667 -0.0301962755441419 -0.4998 -0.1341 -0.05952
16 -0.495097567949278 -0.124434695095043 -0.0346119986209506 -0.4998 -0.1341 -0.05952
16.5 -0.495097567956964 -0.124497441501148 -0.0371242172334505 -0.4998 -0.1341 -0.05952
17 -0.49509756796165 -0.124564475511798 -0.0403470114584799 -0.4998 -0.1341 -0.05952
17.5 -0.495097567962848 -0.124595896603895 -0.0421819557558903 -0.4998 -0.1341 -0.05952
18 -0.495097567963577 -0.124629126079693 -0.0445367401805217 -0.4998 -0.1341 -0.05952
18.5 -0.495097567963761 -0.124644542782417 -0.0458775023313052 -0.4998 -0.1341 -0.05952
19 -0.495097567963871 -0.124660694965517 -0.047597525656435 -0.4998 -0.1341 -0.05952
19.5 -0.4950975679639 -0.124668118705917 -0.0485762301575697 -0.4998 -0.1341 -0.05952
