0.2 0.327492301231193 0.324721942216604 0.11516700134962 0.115536675953618 0.062626691961835 0.0629751628801985
0.4 0.536256036828512 0.532416633365887 0.185257621589571 0.186011175586417 0.100407553707663 0.101039833343551
0.6 0.658573963312832 0.65471585067455 0.22001178673765 0.221138923514849 0.118488734784638 0.119345096482609
0.8 0.718926342587555 0.71565148211193 0.227514168056198 0.228987370120156 0.121241678633223 0.122267503003276
1 0.735758882342885 0.733367344563579 0.214440971240177 0.216221258437174 0.112360123344896 0.113505955367231
1.2 0.722866108589285 0.7214608948034 0.186272846148562 0.188314278436904 0.0949463206133675 0.0961678322714191
1.4 0.690471499036498 0.690032533977455 0.147478311014365 0.149731472369468 0.0715875757512026 0.0728454493336948
1.6 0.646068857582897 0.646504415163437 0.101671538403461 0.104086171643238 0.0444241055265423 0.0456838606115414
1.8 0.595075997597712 0.596257697659436 0.0517478694169113 0.0542748347292332 0.0152091141999977 0.0164408891531847
2 0.541341132946451 0.543127096662108 0 0.00259268105546735 -0.0146380993521002 -0.0134598007203011
2.2 0.487533896794269 0.489783486025562 -0.051782588119642 -0.0491673170478792 -0.0439852699430227 -0.0428818523952069
2.4 0.43544617578918 0.438028814360645 -0.102228705454683 -0.0996298637772539 -0.0719458683528759 -0.070934934918375
2.6 0.386222606714536 0.389022542195198 -0.150313081575758 -0.147765235299022 -0.0978427814348153 -0.0969384294902291
2.8 0.340536350701221 0.343454675784025 -0.195294831673899 -0.192827960561316 -0.121176433107473 -0.120389553444269
3 0.298722410207184 0.30167730301261 -0.236665273992293 -0.23430479823092 -0.141596862926441 -0.140935435231164
3.2 0.260878105461544 0.26380397926162 -0.274103802186188 -0.271870727517966 -0.158879327500047 -0.158348710192773
3.4 0.226938235730217 0.229784253043937 -0.307440685631612 -0.305351831855867 -0.172903033981462 -0.172506244172989
3.6 0.196730801620506 0.199459087559841 -0.336625818578153 -0.334694110336676 -0.183632654648116 -0.183370634717984
3.8 0.170017866106859 0.172601634738409 -0.361702568375216 -0.359937357244132 -0.191102307551589 -0.190974182091195
4 0.146525111109873 0.148946835865421 -0.382785986041644 -0.381193395697306 -0.195401720734172 -0.195405035315513
4.2 0.125962845292013 0.128212556837958 -0.400044741177162 -0.398628017276432 -0.196664326879333 -0.196795273038255
4.4 0.108040591147002 0.110114352338137 -0.413686229377836 -0.41244608892638 -0.195057061781352 -0.195310685359002
4.6 0.0924768888506289 0.0943754550837578 -0.423944375456495 -0.422879340578755 -0.190771663947844 -0.191142061229694
4.8 0.0790055716705922 0.0807332522947299 -0.43106972123919 -0.43017644359754 -0.18401729422799 -0.184497787087752
5 0.0673794699908547 0.0689431620797596 -0.435321443704854 -0.434595003458243 -0.175014313807537 -0.17559761306063
5.2 0.057372269975912 0.0587806688000082 -0.43696099880863 -0.436395182838898 -0.163989076428342 -0.164667428130664
5.4 0.0487790741802168 0.0500420301962722 -0.436247129405015 -0.435834684956359 -0.151169606456582 -0.151934926668396
5.6 0.0414160736246088 0.0425440826794839 -0.433432013078436 -0.433164882742765 -0.136782048604856 -0.137626039729912
5.8 0.0351196350463594 0.0361234403855347 -0.428758358111149 -0.428627884354486 -0.12104778785929 -0.121962046556109
6 0.0297450261199963 0.0306353151440702 -0.422457283899778 -0.422454392912715 -0.104181149610017 -0.105157258687165
6.2 0.0251649398900671 0.0259521150500225 -0.41474684642388 -0.414862211229002 -0.0863876002561331 -0.0874172114510382
6.4 0.0212679330966264 0.0219619563565532 -0.405831090356905 -0.406055271577419 -0.0678623777672891 -0.0689372815051756
6.6 0.0179568580956322 0.0185671373867852 -0.395899527516421 -0.396223092540705 -0.0487894899358945 -0.0499016772547163
6.8 0.0151473420106893 0.0156826665940855 -0.385126956948835 -0.385540583323462 -0.0293410254396626 -0.0304827386448611
7 0.0127663475177632 0.0132348505664037 -0.373673555360204 -0.374168117577973 -0.00967672943833421 -0.0108405057968649
7.2 0.0107508356406242 0.0111599812799625 -0.361685178124726 -0.362251817910234 0.0100561986723792 0.00887749263963759
7.4 0.00904654086471767 0.00940313515470254 -0.349293820976001 -0.349924006499504 0.029723122462748 0.0285362639721662
7.6 0.00760686178829728 0.00791707037599435 -0.336618200931673 -0.337303767995361 0.0492018330484349 0.0480132196898187
7.8 0.00639186567208467 0.00666124672836758 -0.323764422210583 -0.324497609576454 0.0683822892924855 0.0671979234756938
8 0.00536740204644019 0.00560093997867478 -0.310826699039711 -0.311600174748684 0.087166258161935 0.0859917380939321
8.2 0.00450431854754313 0.00470646362767789 -0.297888112461497 -0.298694989809282 0.105466876474429 0.104307388687297
8.4 0.00377777104620465 0.00395248367162488 -0.285021382667309 -0.285855225692 0.12320815234762 0.122068470010744
8.6 0.00316661965108236 0.00331741043388806 -0.272289642110413 -0.273144472352192 0.14032442207712 0.1392089074665
8.8 0.00265290212168039 0.00278287309773588 -0.259747197787725 -0.26061749133607 0.156759775882721 0.155672385940398
9 0.00222137647356023 0.00233326031543527 -0.247440273707624 -0.248320952315969 0.172467463946091 0.171411756028125
9.2 0.00185912499380252 0.0019553230740291 -0.235407726753532 -0.236294146798438 0.187409292387913 0.186388434846153
9.4 0.00155521243246469 0.00163782941123072 -0.223681730972911 -0.224569673210796 0.201555017272853 0.200571800929647
9.6 0.00130039174062439 0.00137126752467902 -0.212288426823223 -0.213174079075148 0.214881743363833 0.213938594855579
9.8 0.00108685134887067 0.00114759022513686 -0.201248533137489 -0.202128472629439 0.22737333315198 0.226472330505544
10 0.000907998595249697 0.000959998804066804 -0.190577920573155 -0.191449094470091 0.239019830646652 0.23816271809291
10.2 0.000758274501156184 0.000802750949863328 -0.180288146114242 -0.181147851758688 0.249816903504282 0.249005108551326
10.4 0.000632995646574795 0.000671002054125625 -0.170386948838538 -0.171232813431842 0.259765306290146 0.258999956004241
10.6 0.000528219406307867 0.000560668610175919 -0.160878707665048 -0.161708668929331 0.268870366990085 0.268152306075005
10.8 0.000440629273681314 0.000468310267881433 -0.151764862184465 -0.152577144946439 0.277141498307316 0.276471304723882
11 0.000367437417385405 0.000391033060373625 -0.143044297966223 -0.14383739659294 0.284591734781863 0.28396974062493
11.2 0.000306301991871253 0.000326399045131498 -0.134713697946378 -0.135486354118358 0.291237296346882 0.290663602934157
11.4 0.000255257054411073 0.000272362022686222 -0.12676786164494 -0.127519045936516 0.297097178578557 0.296571674357462
11.6 0.000212653235480944 0.000227200580135976 -0.119199994051572 -0.119928883834091 0.302192769596215 0.301715147031841
11.8 0.000177107566795814 0.000189471417611634 -0.112001966064726 -0.112707932300854 0.306547493320019 0.306117266623033
12 0.000147461096479877 0.000157961732900919 -0.105164548380102 -0.105847134755067 0.310186478588526 0.309802997861649
12.2 0.000122743116813519 0.000131655733434672 -0.0986776207069003 -0.0993365281358124 0.313136253472064 0.312798720880035
12.4 0.000102140999946886 0.000109701983531969 -0.0925303581509752 -0.09316542828945 0.315424463985231 0.315131949697306
12.6 8.49747839003073E-05 9.13849054457404E-05 -0.0867113965476444 -0.0873225985224776 0.317079616298344 0.316831071985717
12.8 7.06757778441523E-05 7.61067540512566E-05 -0.08120897845801 -0.0817963926576838 0.31813084146951 0.317925114505987
13 5.87685645815074E-05 6.33673056972499E-05 -0.0760110814646091 -0.0765748882841087 0.318607681662538 0.318443528579189
13.2 4.88558716161623E-05 5.27478475449977E-05 -0.071105530318066 -0.071645998044588 0.318539896778067 0.318415994566594
13.4 4.06058622054391E-05 4.38986293968774E-05 -0.0664800943984987 -0.0669975678158758 0.317957290403405 0.317872249119206
13.6 3.37414661748225E-05 3.65249857201668E-05 -0.0621225718657197 -0.0626174605326935 0.316889553978 0.316841926972285
13.8 2.80314285996687E-05 3.03837588032611E-05 -0.0580208617823186 -0.0584936325405545 0.31536612807435 0.315354423411403
14 2.32828041348999E-05 2.52704506522378E-05 -0.0541630254047666 -0.0546141922827813 0.313416079706312 0.313438768617184
14.2 1.93346670168928E-05 2.10126391637338E-05 -0.0505373377507162 -0.0509674546016831 0.311067994596822 0.311123521772015
14.4 1.60528426349604E-05 1.74694796521818E-05 -0.0471323304664258 -0.0475419823010286 0.308349883363318 0.308436674166318
14.6 1.33254969942796E-05 1.45193693986517E-05 -0.0439368269372721 -0.0443266254543974 0.305289100610582 0.305405569660711
14.8 1.10594461644604E-05 1.20662391572044E-05 -0.0409399705070277 -0.0413105462265481 0.30191227595603 0.302056833803207
15 9.17706961505477E-06 1.0025560918188E-05 -0.0381312465982328 -0.038483245237474 0.298245256050903 0.29841631480831
15.2 7.61372977187596E-06 8.3279691007158E-06 -0.0355004994567553 -0.035834574808359 0.294313056701365 0.294509037279843
15.4 6.31561569288473E-06 6.91762626703604E-06 -0.0330379441785705 -0.0333547560790765 0.290139824235611 0.290359161724462
15.6 5.23794189358646E-06 5.74463455681678E-06 -0.0307341746159191 -0.031034383438805 0.285748805306059 0.285989953160795
15.8 4.34344442023161E-06 4.77079922789423E-06 -0.0285801677032614 -0.0288644329885835 0.281162324359089 0.281423758554353
16 3.60112559101629E-06 3.96137303395273E-06 -0.0265672846907469 -0.026836257984376 0.276401768048091 0.276681991761137
16.2 2.98520667039943E-06 3.28738712830392E-06 -0.0246872697241328 -0.0249415974416859 0.271487575908532 0.271785123147912
16.4 2.47425433874891E-06 2.72805773053462E-06 -0.022932246165063 -0.0231725642071237 0.266439236655949 0.266752673658173
16.6 2.05045236341268E-06 2.26307122154992E-06 -0.0212947110041904 -0.0215216441309004 0.261275289509065 0.261603218615868
16.8 1.69899453304073E-06 1.87788580391911E-06 -0.0197675276816071 -0.0199816847157242 0.256013329980321 0.256354391729948
17 1.40757882438696E-06 1.5587643226022E-06 -0.0183439175942601 -0.0185458955260035 0.250670019614971 0.251022894640859
17.2 1.16598604821174E-06 1.29193294377148E-06 -0.0170174505382638 -0.0172078284706256 0.245261099197245 0.245624509004058
17.4 9.6572896829978E-07 1.07192221589912E-06 -0.0157820343051094 -0.0159613755473586 0.239801404977989 0.24017411401527
17.6 7.99760189456397E-07 8.8879959310399E-07 -0.0146319036245022 -0.0148007532139662 0.234304887512497 0.234685704682665
17.8 6.62229037902192E-07 7.37525184046614E-07 -0.0135616086227581 -0.0137204950946251 0.228784632729906 0.229172410287792
18 5.48279270809655E-07 6.11859067727844E-07 -0.0125660029441816 -0.0127154350909948 0.22325288488662 0.223646519729267
18.2 4.53880801401336E-07 5.06245077538314E-07 -0.0116402316634479 -0.0117807004518363 0.217721071085583 0.218119504916044
18.4 3.75689754628392E-07 4.19592754350824E-07 -0.0107797190995675 -0.0109116955809741 0.212199827071034 0.212602047742362
18.6 3.10932111771135E-07 3.47851676276388E-07 -0.00998015662635602 -0.0101040941770025 0.206699024034519 0.207104063562178
18.8 2.57306990435396E-07 2.8827803996497E-07 -0.0092374905603238 -0.00935382429500676 0.201227796192518 0.201634730890174
19 2.12906264626416E-07 2.39681329355528E-07 -0.00854791019439712 -0.00865705699872514 0.195794568919099 0.196202519405516
19.2 1.76147779071264E-07 1.97342559822575E-07 -0.00790783603475258 -0.00801019330777357 0.190407087238541 0.190815217978463
19.4 1.45719870518406E-07 1.63330895017567E-07 -0.00731390828816987 -0.00740985666673159 0.185072444502994 0.185479961905662
19.6 1.20535291279795E-07 1.35586644900342E-07 -0.00676297563856812 -0.00685287803681972 0.17979711109892 0.180203262738883
19.8 9.96929492897558E-08 1.1290847790392E-07 -0.00625208434368457 -0.0063362869099957 0.174586963043474 0.174991038239749
20 8.24461448975423E-08 9.39240873132836E-08 -0.00577846767608028 -0.00585729962919404 0.169447310348063 0.169848638384157
20.2 6.81762062433445E-08 7.70078890763146E-08 -0.00533953572672825 -0.00541331112160779 0.164382925041216 0.164780873386674
20.4 5.63706097160451E-08 6.42573303757485E-08 -0.00493286558426914 -0.00500188191409986 0.159398068756624 0.159792042113082
20.6 4.66048257809913E-08 5.42706041986901E-08 -0.00455619189853318 -0.00462073176724262 0.154496519804846 0.154885959431581
20.8 3.85272585175619E-08 4.46558559752973E-08 -0.00420739783305325 -0.00426772903819198 0.149681599658786 0.150065981669184
21 3.184675379723E-08 3.62778128182906E-08 -0.00388450640796872 -0.00394088313411245 0.144956198793662 0.145335032748477
21.2 2.63222397358713E-08 2.97168196008366E-08 -0.0035856722318844 -0.00363833539771106 0.140322801831885 0.14069562983243
21.4 2.17541368518533E-08 2.49479174309058E-08 -0.00330917361884976 -0.00335835177821555 0.135783511952127 0.136149907255746
21.6 1.79772367430483E-08 2.1488557163343E-08 -0.00305340508461173 -0.00309931306400239 0.131340074529864 0.131699639702143
21.8 1.48547991377943E-08 1.71313183938341E-08 -0.00281687021462633 -0.00285971067840853 0.126993899983983 0.127346265650633
22 1.22736596086233E-08 1.43122092238435E-08 -0.00259817489494891 -0.00263813973499655 0.122746085810579 0.123090909362182
22.2 1.01401755068854E-08 1.27896508123534E-08 -0.002396020896025 -0.00243329218137884 0.118597437791012 0.118934402300837
22.4 8.37686698431225E-09 1.11488932443545E-08 -0.00220919979853972 -0.00224394796842985 0.114548490366567 0.114877302543255
22.6 6.91963431641523E-09 9.27446699502999E-09 -0.0020365872498253 -0.00206897342502641 0.110599526176805 0.110919914865882
22.8 5.71545296724717E-09 6.69546483055336E-09 -0.00187713753884565 -0.00190731350069412 0.106750594762904 0.107062310438233
23 4.72046463058287E-09 5.37016785229861E-09 -0.00172987847745156 -0.00175798694494995 0.103001530441002 0.103304343215928
23.2 3.89839642763052E-09 5.30604816466578E-09 -0.00159390657540826 -0.00162008099658967 0.099351969353831 0.0996456681581779
23.4 3.21925201749899E-09 3.98317865964125E-09 -0.0014683824966194 -0.00149274908145193 0.0958013657117962 0.0960857560070758
23.6 2.65822798443506E-09 3.19079957714804E-09 -0.00135252678399231 -0.00137520469225376 0.092349007237139 0.0926239107998757
23.8 2.19481683852871E-09 2.42353759043871E-09 -0.00124561584049188 -0.00126671706118016 0.0889940298269543 0.0892592822351841
24 1.81206458125397E-09 2.52027752192498E-09 -0.00114697815410337 -0.00116660717822441 0.0857354314526596 0.0859908821749297
24.2 1.49595627422963E-09 2.92244278237891E-09 -0.00105599075465384 -0.00107424477421685 0.0825720853150415 0.0828175953991132
24.4 1.2349076004178E-09 2.40698875538957E-09 -0.000972075890719493 -0.000989046951460611 0.0795027522752727 0.0797381933403269
24.6 1.01934418073468E-09 1.92330387411643E-09 -0.000894697915161182 -0.000910472611783345 0.0765260925833233 0.0767513461020168
24.8 8.41353537915296E-10 1.79092948743752E-09 -0.00082336036817564 -0.000838019476536943 0.0736406769260048 0.0738556327664989
25 6.94397193248201E-10 1.05409867433401E-09 -0.000757603247118316 -0.00077122204705585 0.0708449968174979 0.0710495517564959
25.2 5.73072531659042E-10 1.37551933878792E-09 -0.000697000452738918 -0.000709650453685919 0.0681374743556651 0.0683315303234744
25.4 4.72915852281874E-10 1.23029799016043E-09 -0.000641157401867746 -0.000652904823722789 0.0655164713677261 0.0656999356671705
25.6 3.9023949795906E-10 7.61746379150684E-10 -0.000589708796994962 -0.000600614741753724 0.0629802979690268 0.0631530816348972
25.8 3.2199718021702E-10 9.33966572773881E-10 -0.000542316543592331 -0.000552438907864013 0.0605272205586447 0.0606892375439231
26 2.65672629459293E-10 -2.76462887344766E-11 -0.000498667806434201 -0.000508061215907611 0.058155469275487 0.0583066345643984
26.2 2.19187539312409E-10 8.01196855131101E-10 -0.000458473196578906 -0.000467188479772965 0.0558632449383478 0.0560034743384965
26.4 1.80825469043555E-10 8.1709339665408E-10 -0.000421465081070926 -0.000429549144791138 0.0536487254931155 0.0537779341911101
26.6 1.49168943449086E-10 8.76225095264645E-10 -0.000387396007816087 -0.000394893123776702 0.0515100719899738 0.0516281734555564
26.8 1.23047466078142E-10 1.05985903262451E-09 -0.000356037238465267 -0.000362988309266619 0.0494454341130274 0.0495523387380314
27 1.0149455609311E-10 4.14756160537944E-10 -0.000327177382515131 -0.000333620739408154 0.0474529552843156 0.0475485706017485
27.2 8.37122455607863E-11 5.55702198423528E-10 -0.000300621126196359 -0.000306592873322244 0.0455307773636612 0.0456150058773926
27.4 6.90417441869627E-11 7.82476022888711E-10 -0.00027618805006991 -0.000281721658549818 0.043677044965255 0.0437497839335519
27.6 5.69392021259657E-11 4.06194755530727E-11 -0.000253711529589405 -0.000258838332536229 0.0418899094112828 0.041951048734399
27.8 4.69556865307169E-11 -1.85340211864135E-10 -0.000233037713212384 -0.000237786162470262 0.040167532342303 0.0402169552925499
28 3.87206405988651E-11 -9.44846537627152E-10 -0.000214024572954737 -0.000218421819203686 0.0385080890034434 0.038545668790919
28.2 3.19282205174361E-11 -4.11763047951903E-10 -0.000196541022580861 -0.000200612063029616 0.0369097712248487 0.0369353724905407
28.4 2.63260104686001E-11 5.45890630880422E-10 -0.0001804660989071 -0.000184234702943454 0.0353707901141535 0.0353842658751137
28.6 2.17057025059078E-11 1.89671075696448E-10 -0.000165688201967825 -0.000169175608233544 0.0338893784780955 0.0338905717275519
28.8 1.78953997682502E-11 7.1959577354438E-10 -0.000152104390052314 -0.000155331088728743 0.0324637929897232 0.0324525330990587
29 1.47532607547862E-11 7.11994161824298E-10 -0.000139619725866578 -0.000142604397257949 0.0310923161169898 0.0310684192888486
29.2 1.21622513797641E-11 5.97834635319942E-10 -0.000128146670307771 -0.000130906746896356 0.0297732578278705 0.029736524584682
29.4 1.00258120342319E-11 3.26663226530091E-10 -0.000117604520560146 -0.000120155656433108 0.0285049570864864 0.0284551730194284
29.6 8.26428036922954E-12 -5.15086209895863E-10 -0.000107918889430993 -0.000110277057623932 0.0272857831540793 0.0272227171583144
29.8 6.81193819636275E-12 -2.46004650869455E-10 -9.9021223043085E-05 -0.0001012007779549 0.0261141367080494 0.0260375392023758
30 5.61457378130411E-12 -1.21221148578193E-10 -9.08483541871675E-05 -9.28618415941594E-05 0.0249884507916479 0.0248980534252769
30.2 4.62746971498018E-12 -4.23029760929219E-10 -8.3342088814511E-05 -8.5200755492505E-05 0.023907191606312 0.0238027059454865
30.4 3.81374217362831E-12 2.9171813484687E-10 -7.64488233157786E-05 -7.81645814107434E-05 0.0228688591580381 0.0227499756258761
30.6 3.14297029134589E-12 3.56151232971148E-10 -7.01191903890191E-05 -7.17028604701763E-05 0.0218719877686131 0.0217383730624436
30.8 2.5900650376761E-12 7.43297709697209E-10 -6.43077314468204E-05 -6.57683057381734E-05 0.0209151464619676 0.02076644368949
31 2.13433580725139E-12 7.31110844785552E-10 -5.89725936510188E-05 -6.0319206590001E-05 0.019996939235368 0.0198327664250656
31.2 1.75872021029411E-12 6.3084721874403E-11 -5.40752497932749E-05 -5.53163572769037E-05 0.019116005224646 0.0189359539733001
31.4 1.44914856788287E-12 -2.82573677379991E-10 -4.95802393617195E-05 -5.07236681760463E-05 0.0182710187721523 0.0180746524222282
31.6 1.19401958428108E-12 -1.86570962749789E-10 -4.54549292481391E-05 -4.65065176930584E-05 0.0174606894056365 0.0172475414256221
31.8 9.83767772120895E-13 1.09726626728151E-10 -4.1669292657232E-05 -4.26361935798477E-05 0.0166837617357827 0.0164533350477365
32 8.10506595142027E-13 7.32316099096756E-10 -3.81957048796805E-05 -3.90840025969942E-05 0.0159390152796799 0.0156907798352164
32.2 6.67734091734147E-13 -4.72381985741946E-10 -3.50087546845534E-05 -3.58246672152941E-05 0.0152252642170713 0.0149586555658854
32.4 5.50090053394891E-13 -6.63491005150978E-10 -3.20850701742178E-05 -3.28324366494835E-05 0.0145413570858096 0.0142557743246343
32.6 4.53155740242611E-13 -3.07751052651494E-11 -2.9403158026854E-05 -3.00868339155068E-05 0.0138861764225504 0.013580981735037
32.8 3.73288691025475E-13 1.87996710500278E-10 -2.69432551281677E-05 -2.75676676446482E-05 0.0132586383543311 0.0129331531402957
33 3.07486485576824E-13 4.09944415878275E-10 -2.4687191665287E-05 -2.5256946785848E-05 0.0126576921463223 0.0123111957959169
33.2 2.53274391242449E-13 -3.72255105379904E-10 -2.26182648224378E-05 -2.31361249336494E-05 0.0120823197106892 0.0117140476816097
33.4 2.08612710987402E-13 1.79426517403024E-10 -2.07211222800848E-05 -2.11905810125744E-05 0.0115315350811737 0.0111406771971874
33.6 1.71820382339423E-13 1.03045572918945E-09 -1.89816547770892E-05 -1.94063254651296E-05 0.0110043838576892 0.0105900801362779
33.8 1.4151198002111E-13 7.81123386762669E-10 -1.73868970493359E-05 -1.77689616921679E-05 0.0104999426249262 0.0100612820214189
34 1.16545773344857E-13 3.20498373330908E-10 -1.59249365084577E-05 -1.62661460011735E-05 0.010017318348679 0.00955333667535337
34.2 9.59809005950354E-14 -1.09313598669683E-10 -1.45848290709797E-05 -1.48877965035994E-05 0.00955564775333869 0.00906532443822848
34.4 7.90420618967695E-14 -4.6345243903025E-10 -1.33565215916427E-05 -1.36238892825575E-05 0.00911409668373987 0.00859635128322228
34.6 6.50904120177503E-14 1.87954568004852E-10 -1.2230780395045E-05 -1.24634944477703E-05 0.00869185945430982 0.00814554928616222
34.8 5.35995655295033E-14 -5.02139997020624E-10 -1.11991254372782E-05 -1.13982403902111E-05 0.00828815818824034 0.00771207530265945
35 4.41358173210289E-14 3.49981169749485E-10 -1.0253769664101E-05 -1.04208045448673E-05 0.00790224214918746 0.00729510970548501
35.2 3.63418386726893E-14 1.19652405179509E-09 -9.3875631645751E-06 -9.52362537432938E-06 0.00753338706780133 0.00689385569999725
35.4 2.99232387910065E-14 1.20279919111875E-09 -8.59394174915391E-06 -8.69996836458316E-06 0.00718089446519856 0.00650753853835574
35.6 2.46374886876889E-14 8.27512252049791E-10 -7.86687960910796E-06 -7.94334700496321E-06 0.00684409097530801 0.00613540478026971
35.8 2.02847925305208E-14 -4.79767741857057E-10 -7.20084574005347E-06 -7.24806732341178E-06 0.00652232766785374 0.00577672142668174
36 1.67005643777537E-14 -1.14763448382826E-10 -6.59076383634988E-06 -6.60874867647596E-06 0.00621497937357877 0.00543077478391716
36.2 1.3749228236769E-14 5.33927830411935E-10 -6.03197538538234E-06 -6.020663840565E-06 0.00592144401316532 0.00509686908900494
36.4 1.1319108894545E-14 -1.10618260789356E-10 -5.52020571136583E-06 -5.47877833126661E-06 0.00564114193116783 0.0047743267080361
36.6 9.31822179417942E-15 -4.32196957758023E-10 -5.05153273741115E-06 -4.9800781140015E-06 0.00537351523614375 0.00446248626847309
36.8 7.67080389851854E-15 -6.8964051624527E-10 -4.6223582522888E-06 -4.52053564633103E-06 0.00511802714804632 0.00416070273604481
37 6.31445524305061E-15 3.27900457048747E-10 -4.22938148470959E-06 -4.09627682202409E-06 0.00487416135382876 0.00386834514042518
37.2 5.19778377045472E-15 1.35292958102385E-09 -3.86957480310761E-06 -3.70314114590341E-06 0.00464142137210363 0.00358479677330074
37.4 4.27846491223018E-15 5.07643192618312E-10 -3.54016137294569E-06 -3.33977901501443E-06 0.0044193299276022 0.00330945331945337
37.6 3.52164294292134E-15 -7.91226393205236E-11 -3.23859461654756E-06 -3.00189666900386E-06 0.00420742833608669 0.00304172320134909
37.8 2.89861396053149E-15 -4.63288848141924E-10 -2.96253933247093E-06 -2.68812403324117E-06 0.00400527590028286 0.00278102479696207
38 2.3857409219565E-15 3.03976811995248E-10 -2.70985434253986E-06 -2.39534806290893E-06 0.00381244931732145 0.0025267864615826
38.2 1.96355987990178E-15 9.42921943216941E-10 -2.47857654492082E-06 -2.12177960364392E-06 0.00362854209810328 0.00227844611256526
38.4 1.6160437537364E-15 5.97031574085872E-11 -2.26690626111478E-06 -1.86399355657618E-06 0.00345316399893576 0.00203544949163654
38.6 1.32999588991766E-15 -5.44195503250527E-10 -2.07319377350362E-06 -1.62158542636192E-06 0.00328594046572508 0.00179724851685359
38.8 1.09455054968561E-15 -1.51442646773777E-10 -1.8959269581883E-06 -1.39186989545431E-06 0.00312651209095166 0.00156330111311166
39 9.00761485495231E-16 2.86167008152423E-10 -1.73371992533533E-06 -1.17295344777716E-06 0.00297453408360286 0.00133307119743694
39.2 7.41263083872705E-16 7.66094227502263E-10 -1.58530258615404E-06 -9.63576027352466E-07 0.00282967575218849 0.00110602455723316
39.4 6.0999128535172E-16 -8.62059123045973E-11 -1.44951107200333E-06 -7.62263737723411E-07 0.00269162000092032 0.000881630401712496
39.6 5.01953744347971E-16 2.58482487845888E-10 -1.32527893701033E-06 -5.66571309113943E-07 0.00256006283909576 0.000659359702099458
39.8 4.13040547762348E-16 3.10634075319967E-10 -1.21162908101389E-06 -3.7514900907566E-07 0.00243471290368912 0.000438684816646376
40 3.39868340423327E-16 4.57780065698424E-10 -1.10766633465508E-06 -1.86854507246082E-07 0.00231529099511999 0.000219075382517065
