0 0 -1 -1
0.0666666666666667 -0.0666270023833333 -0.997778200271056 -0.997778600701122
0.133333333333333 -0.132988910087026 -0.991119649916644 -0.991124272034179
0.2 -0.198772215736511 -0.980050821562373 -0.980066577841242
0.266666666666667 -0.263678925305356 -0.964619304921543 -0.964654645230564
0.333333333333333 -0.327410435794986 -0.944894714959192 -0.944956946314738
0.4 -0.38968120347628 -0.920965881856868 -0.921060994002885
0.466666666666667 -0.450210643943719 -0.89294159498603 -0.893072953198429
0.533333333333333 -0.508730862982638 -0.860947656411557 -0.86111716912981
0.6 -0.564983343326644 -0.825126985876031 -0.825335614909678
0.666666666666667 -0.618720365962934 -0.785638578607972 -0.785887260776948
0.733333333333333 -0.669706181887868 -0.742656351726665 -0.742947367824044
0.8 -0.717718043505153 -0.696367879336841 -0.696706709347165
0.866666666666667 -0.762542095101091 -0.646978155185284 -0.647370723278952
0.933333333333333 -0.80395579839125 -0.594732176489364 -0.595158599469128
1 -0.841801075479706 -0.539836074721649 -0.54030230586814
1.06666666666667 -0.875911983011151 -0.482527794892085 -0.483045557940277
1.13333333333333 -0.906114060788497 -0.423097819202789 -0.423642735884945
1.2 -0.93229687985984 -0.361771128602524 -0.362357754476674
1.26666666666667 -0.954330481216074 -0.298847229851999 -0.299462890544928
1.33333333333333 -0.972123853428081 -0.234589467547005 -0.235237573302989
1.4 -0.985594777241478 -0.169294156840697 -0.169967142900241
1.46666666666667 -0.994685795632609 -0.103240277983795 -0.103941582713351
1.53333333333333 -0.999354130673015 -0.0367385662639352 -0.0374542310085333
1.6 -0.999581533571375 0.0299402898043319 0.0291995223012888
1.66666666666667 -0.995365729414149 0.0964687110501997 0.0957235480143757
1.73333333333333 -0.986725946707232 0.162578475813646 0.161822293282572
1.8 -0.973699656858807 0.227968378018054 0.227202094693087
1.86666666666667 -0.9563484460645 0.292331676206587 0.291572482955893
1.93333333333333 -0.934745036268422 0.355404564950552 0.354647473400278
2 -0.908985741665525 0.416900840076363 0.416146836547142
2.06666666666667 -0.879190375508233 0.476534767535349 0.475797343112135
2.13333333333333 -0.845487189386893 0.534052996724011 0.533333977908334
2.2 -0.808024701748496 0.589200881141504 0.588501117255346
2.26666666666667 -0.766970166913387 0.641731111200591 0.641053664663838
2.33333333333333 -0.722508289438141 0.69140728170611 0.690758139749876
2.4 -0.674839226729644 0.738006809927012 0.737393715541245
2.46666666666667 -0.624169659321654 0.781328570238418 0.780753199567215
2.53333333333333 -0.570725312325064 0.821178972786472 0.820643954372953
2.6 -0.514744150149003 0.857380297928181 0.856888753368947
2.66666666666667 -0.456475302669505 0.889771340873529 0.889326568213041
2.73333333333333 -0.396177962507102 0.918208020549592 0.917813284226932
2.8 -0.334120248716989 0.942563943286938 0.942222340668658
2.86666666666667 -0.270578035204105 0.962730912506918 0.962445293016488
2.93333333333333 -0.205833744562237 0.978619376393652 0.978392294766087
3 -0.140175109909769 0.990158806478821 0.989992496600445
3.06666666666667 -0.0738939087446596 0.997298001087223 0.997194361159119
3.13333333333333 -0.00728467393981114 1.00000530864141 0.999965892008345
3.2 0.0593566121924786 0.998268766871867 0.998294775794753
3.26666666666667 0.12573383427268 0.992096155002704 0.992188436951114
3.33333333333333 0.191552063804014 0.981514956965337 0.981674004711079
3.4 0.256518875643544 0.966572234624102 0.966798192579461
3.46666666666667 0.3203456538786 0.947334410870437 0.947627090793538
3.53333333333333 0.382748880047728 0.923886963252642 0.924245872697444
3.6 0.443451396795111 0.896334029553768 0.896758416334147
3.66666666666667 0.502183640274146 0.86479792741032 0.865286842936236
3.73333333333333 0.558684834905616 0.829418590679728 0.829970974365871
3.8 0.612704144435938 0.790352925816007 0.790967711914417
3.86666666666667 0.664000787471507 0.747774896692455 0.748450339221599
3.93333333333333 0.71234386956172 0.701876402159025 0.702607752411198
4 0.75752188639434 0.652858945269217 0.653643620863612
4.06666666666667 0.799334371563585 0.600939891973574 0.601775482353822
4.13333333333333 0.837595793110033 0.546349310500157 0.547233776574866
4.2 0.87213618306323 0.489329183864957 0.490260821340699
