0 3.04159265358979 0
0.1 3.03910818126897 -0.0496667132534454
0.2 3.03163850214883 -0.100347665913783
0.3 3.01905203881216 -0.154000817670715
0.4 3.00083852330975 -0.214155549830997
0.5 2.97636967862002 -0.282696371352328
0.6 2.94470713657026 -0.362809944216584
0.7 2.90394206064006 -0.459458957933614
0.8 2.85236259563067 -0.57625640982833
0.9 2.78795891644159 -0.717427986637352
1 2.70785338242057 -0.888692331619584
1.1 2.60885189716705 -1.09568976882194
1.2 2.48703349238702 -1.34436150682573
1.3 2.33801541646509 -1.63952857688999
1.4 2.15696490800047 -1.98338590998587
1.5 1.93914604077527 -2.3722860522002
1.6 1.68063120488315 -2.79263764289515
1.7 1.37950679975775 -3.21628582756647
1.8 1.03803996475419 -3.59736275818874
1.9 0.662425155211434 -3.87859823802179
2 0.266188969637929 -4.00283010908577
2.1 -0.133000216269932 -3.93582417116758
2.2 -0.515797455130389 -3.68043313774686
2.3 -0.865032830258881 -3.27450903870598
2.4 -1.16833594940242 -2.77341027817582
2.5 -1.41893375855046 -2.22986610044523
2.6 -1.61459921979842 -1.68183403007338
2.7 -1.75610607587069 -1.1499895458636
2.8 -1.84550877269472 -0.641120684469688
2.9 -1.88506936155513 -0.153300282702709
3 -1.87660992462493 0.320419238346292
3.1 -1.82115546488187 0.787022666023466
3.2 -1.71916010362229 1.25130993963211
3.3 -1.57081463034112 1.71256690566671
3.4 -1.37680133088329 2.16148108889678
3.5 -1.13927171757748 2.57767406109294
3.6 -0.862994739662673 2.929488774492
3.7 -0.556355251567967 3.17839247412838
3.8 -0.231502352327113 3.28881145769024
3.9 0.0965097667042604 3.24018651397115
4 0.411703407426497 3.03528583660755
4.1 0.699535962750984 2.69913394348904
4.2 0.948712181611276 2.26934942534977
4.3 1.15181466683516 1.78427078733187
4.4 1.30492773518217 1.27452161058625
4.5 1.40667814965758 0.760129947369995
4.6 1.45721341743009 0.251875858884753
4.7 1.45743058544707 -0.245372238095578
4.8 1.40856745454946 -0.728827797268231
4.9 1.31219678159948 -1.19411339622343
5 1.1705355480053 -1.63220823105455
5.1 0.987031367658112 -2.027385358344
5.2 0.767053091674659 -2.35710171809457
5.3 0.51846795907097 -2.59482129720649
5.4 0.251765979826156 -2.71597190712496
5.5 -0.0205357850809636 -2.70536961503751
5.6 -0.285102119239852 -2.56270847147803
5.7 -0.529348362515425 -2.30303391555673
5.8 -0.742813070503102 -1.95190871209209
5.9 -0.917785697208453 -1.53825810741474
6 -1.04936073445371 -1.08823075635734
6.1 -1.13496730235629 -0.622114562317665
6.2 -1.17376196012214 -0.154262978342657
6.3 -1.16610817707691 0.30505397718725
6.4 -1.1133073369339 0.746945072730388
6.5 -1.01758609560298 1.1613078741344
6.6 -0.882332403678268 1.53489961144421
6.7 -0.712434194289368 1.85079080259413
6.8 -0.514627652133912 2.08965267698635
6.9 -0.297565152477208 2.23311967351908
7 -0.0715004825336419 2.26832031208433
7.1 0.152483909210786 2.1917962510937
7.2 0.363463099607262 2.01097189110468
7.3 0.551820192623971 1.74221871849964
7.4 0.709778372976303 1.40692720661042
7.5 0.831791747796855 1.02706410096944
7.6 0.914408085585232 0.622175134254219
7.7 0.955957675438187 0.208350268231258
7.8 0.956224723126021 -0.201261036143203
7.9 0.91622509449733 -0.594945400385521
8 0.838160121662162 -0.960751448135626
8.1 0.725411111241026 -1.28568948240323
8.2 0.582817567151985 -1.55497117320107
8.3 0.416717474809716 -1.75354435919997
8.4 0.234840009511629 -1.86836566969728
8.5 0.046040332453388 -1.8911584868581
8.6 -0.140354008963277 -1.8207225090309
8.7 -0.315280448999309 -1.66354261091754
8.8 -0.470663240217575 -1.43248730492653
8.9 -0.599926848373426 -1.14421051145154
9 -0.698232157018029 -0.816378423563231
9.1 -0.762471041621097 -0.465652965095675
9.2 -0.791111361101295 -0.106872305269927
9.3 -0.78401833292102 0.246779307838173
9.4 -0.742324291003311 0.583012731800586
9.5 -0.668380411707155 0.889630614075971
9.6 -0.565770063040063 1.15412632071709
9.7 -0.439336093853676 1.36399750642878
9.8 -0.295125246453062 1.50789568362076
9.9 -0.140192569063356 1.57732665904239
10 0.0177729834066188 1.56835529274647
