-1 0.35322690848236 0.192497730304415
-0.894736842105263 0.309802259625527 -1.07115917837354
-0.789473684210526 0.124837110617201 -2.41015872814381
-0.684210526315789 -0.179854467282462 -3.24500341739284
-0.578947368421053 -0.521775260580296 -3.04994759624521
-0.473684210526316 -0.778546959604401 -1.63601537982857
-0.368421052631579 -0.834212341288874 0.673235457477266
-0.263157894736842 -0.632604991636986 3.09659282421832
-0.157894736842105 -0.211597087256371 4.69392522772563
-0.0526315789473685 0.301971142652196 4.78386119668431
0.0526315789473684 0.738545534638979 3.27272715838683
0.157894736842105 0.953842159707218 0.717932372974747
0.263157894736842 0.886951458303233 -1.91575361719497
0.368421052631579 0.581374974294357 -3.68515413746877
0.473684210526316 0.160599186123614 -4.06568520064882
0.578947368421053 -0.227654398899546 -3.12645110528739
0.684210526315789 -0.4705301385085 -1.42179991989102
0.789473684210526 -0.526107340970266 0.31325897483655
0.894736842105263 -0.42454349264334 1.49175716397861
1 -0.240462049968584 1.87298449519234



-1 0.383361439805816 -0.630943422677919 -0.336648493055112
-0.984375 0.372732643662888 -0.73026383713542 -0.330739487339326
-0.96875 0.360518273436476 -0.833887113770081 -0.325008856297911
-0.953125 0.346651723567062 -0.941722013152988 -0.319481896735124
-0.9375 0.33106835405344 -1.05360670786755 -0.314184932247292
-0.921875 0.313706662334574 -1.16929997779089 -0.30914527353483
-0.90625 0.294509591273642 -1.28847262813036 -0.304391159335794
-0.890625 0.273425968092893 -1.41069934773712 -0.299951675890167
-0.875 0.250412065544883 -1.53545124576323 -0.295856652952029
-0.859375 0.225433272746787 -1.66208932187847 -0.292136534532695
-0.84375 0.198465859010613 -1.78985913804202 -0.288822222786086
-0.828125 0.169498809749044 -1.91788696725811 -0.285944893741125
-0.8125 0.138535709215256 -2.04517769589764 -0.283535783946521
-0.796875 0.105596640550514 -2.17061475017524 -0.281625947521353
-0.78125 0.0707200694831162 -2.29296230348424 -0.280245983598717
-0.765625 0.0339646741747892 -2.41086999891265 -0.279425734706114
-0.75 -0.00458891971811894 -2.52288038998883 -0.279193957239688
-0.734375 -0.0448365425705315 -2.62743926236178 -0.279577965852212
-0.71875 -0.0866490688720059 -2.7229089498018 -0.280603254277084
-0.703125 -0.129871237167951 -2.80758469999491 -0.282293095840437
-0.6875 -0.174320749521449 -2.87971407979868 -0.284668127656736
-0.671875 -0.219787697437348 -2.93751933695081 -0.287745923243763
-0.65625 -0.266034359288529 -2.9792225570235 -0.291540559013138
-0.640625 -0.312795411128171 -3.00307337236169 -0.296062180773251
-0.625 -0.359778588316037 -3.00737889578793 -0.301316577002831
-0.609375 -0.406665829618626 -2.99053546821145 -0.307304766194818
-0.59375 -0.453114928385989 -2.95106172836328 -0.314022606011418
-0.578125 -0.498761707124496 -2.88763243725283 -0.321460432312439
-0.5625 -0.543222722378228 -2.79911242223777 -0.329602736301921
-0.546875 -0.586098496446106 -2.68458994844085 -0.338427888066068
-0.53125 -0.626977261282171 -2.54340878115516 -0.347907914634818
-0.515625 -0.665439188175196 -2.37519817418376 -0.358008340379197
-0.5 -0.701061064737955 -2.17990000780133 -0.368688097050022
-0.484375 -0.733421368642154 -1.95779230786854 -0.379899510067764
-0.46875 -0.762105675720521 -1.70950840577446 -0.391588366790474
-0.453125 -0.786712328846183 -1.4360510479908 -0.403694071423394
-0.4375 -0.80685828371997 -1.13880083415743 -0.416149890002329
-0.421875 -0.82218503867362 -0.819518453204407 -0.428883287500025
-0.40625 -0.832364548141718 -0.480340296806006 -0.441816357592923
-0.390625 -0.837105013853496 -0.123767156547642 -0.454866344011358
-0.375 -0.836156444298619 0.247354146988437 -0.467946250710617
-0.359375 -0.829315871834967 0.629856201600343 -0.480965536377811
-0.34375 -0.816432118084362 1.02028334436621 -0.493830887067555
-0.328125 -0.79741000209599 1.41493057800541 -0.506447059077416
-0.3125 -0.77221389217212 1.8098885701506 -0.518717782572091
-0.296875 -0.74087051120075 2.20109408373806 -0.530546714983427
-0.28125 -0.703470916706673 2.58438503739095 -0.541838431890496
-0.265625 -0.660171590425389 2.95555925979964 -0.552499441956308
-0.25 -0.611194587763472 3.31043588598697 -0.562439211598268
-0.234375 -0.556826714710371 3.64491824986225 -0.571571184426368
-0.21875 -0.497417718229785 3.95505705994094 -0.57981378011922
-0.203125 -0.433377495456632 4.23711260617817 -0.587091357339656
-0.1875 -0.365172346695617 4.48761473738773 -0.593335125528376
-0.171875 -0.29332031677502 4.70341937167405 -0.598483990957903
-0.15625 -0.218385688261717 4.8817603567508 -0.602485323274491
-0.140625 -0.140972707904218 5.02029558206234 -0.605295629889104
-0.125 -0.061718643974846 5.11714635843447 -0.606881126979718
-0.109375 0.0187137134993575 5.17092922083308 -0.607218197507938
-0.09375 0.0996439856750317 5.18077947216008 -0.606293728499509
-0.078125 0.18038243779099 5.14636596660379 -0.604105321850922
-0.0625 0.260238372483356 5.06789682504673 -0.60066137505917
-0.046875 0.338528540741191 4.94611597714025 -0.595981030481443
-0.03125 0.414585427679202 4.78229062935078 -0.590093993966947
-0.015625 0.487765273438843 4.57818995994494 -0.583040225914277
0 0.557455695755038 4.33605553499233 -0.574869509945713
0.015625 0.623082789867871 4.05856411877959 -0.565640906407344
0.03125 0.684117593263064 3.74878371274937 -0.555422099757553
0.046875 0.740081816867768 3.41012379499948 -0.544288650556708
0.0625 0.790552760424608 3.046280844024 -0.532323164184565
0.078125 0.835167347384759 2.66118031310236 -0.519614389561472
0.09375 0.873625233333297 2.25891627379972 -0.506256262014973
0.109375 0.905690961200518 1.84368996763227 -0.492346905002042
0.125 0.931195155829648 1.41974849422652 -0.477987605663958
0.140625 0.95003476938227 0.991324823339871 -0.463281779158343
0.15625 0.962172407109668 0.562580248861834 -0.448333936391105
0.171875 0.96763477977943 0.137550308114978 -0.43324866917674
0.1875 0.966510344148839 -0.279904927164727 -0.418129666011854
0.203125 0.958946206003992 -0.68614541690938 -0.403078770582164
0.21875 0.94514437118599 -1.07778995354343 -0.388195093870721
0.234375 0.925357438522639 -1.45174873337895 -0.373574189330753
0.25 0.899883834568939 -1.80524939705903 -0.359307299068995
0.265625 0.869062693498185 -2.13585640002999 -0.345480677394218
0.28125 0.833268486415254 -2.44148373193982 -0.332174996460461
0.296875 0.792905502888736 -2.72040115308258 -0.319464837113733
0.3125 0.748402283784117 -2.97123425288224 -0.307418266470956
0.328125 0.700206098744292 -3.19295875682292 -0.296096502254149
0.34375 0.64877755416802 -3.384889611691 -0.285553662500713
0.359375 0.594585408577459 -3.54666546266567 -0.275836597997613
0.375 0.53810166216157 -3.67822919853001 -0.266984803663435
0.390625 0.479796976364578 -3.77980528260773 -0.259030404143272
0.40625 0.420136467991719 -3.8518746071534 -0.251998208096992
0.421875 0.359575910753844 -3.89514760863845 -0.245905825056873
0.4375 0.29855836577737 -3.91053636203269 -0.240763838305567
0.453125 0.237511251650369 -3.89912633560655 -0.236576026975363
0.46875 0.176843854311908 -3.86214843617871 -0.233339630485769
0.484375 0.116945267735581 -3.800951910606 -0.23104564850605
0.5 0.058182748084448 -3.7169785953466 -0.229679169836891
0.515625 0.00090045695532126 -3.61173892491033 -0.229219723932802
0.53125 -0.0545814364261222 -3.48679002472955 -0.22964164921461
0.546875 -0.107967328606306 -3.3437161271481 -0.230914472828432
0.5625 -0.158986468503824 -3.18411146338114 -0.233003297073019
0.578125 -0.207392996549488 -3.00956570176973 -0.235869188320114
0.59375 -0.252965776194959 -2.82165192548588 -0.239469564872549
0.609375 -0.295508056953981 -2.62191707276859 -0.243758580823414
0.625 -0.334847006445292 -2.41187470117406 -0.2486875035795
0.640625 -0.370833146322175 -2.19299988523792 -0.254205083278621
0.65625 -0.40333972365453 -1.96672601504687 -0.26025791285037
0.671875 -0.432262045437553 -1.73444323183303 -0.26679077793333
0.6875 -0.457516799601257 -1.497498215838 -0.273746996261014
0.703125 -0.479041381349712 -1.25719503105271 -0.281068746458708
0.71875 -0.496793239023562 -1.0147967304662 -0.288697386451421
0.734375 -0.510749249099555 -0.771527433372005 -0.29657376186897
0.75 -0.520905125547874 -0.528574602124673 -0.304638504949811
0.765625 -0.527274864677584 -0.28709126841223 -0.312832324494357
0.78125 -0.529890222909929 -0.0481979874223222 -0.321096287406802
0.796875 -0.528800221706987 0.187015669015094 -0.329372092298706
0.8125 -0.524070671208078 0.417490233384559 -0.337602335515736
0.828125 -0.515783702027687 0.642196192876599 -0.345730769799856
0.84375 -0.504037293166805 0.860134646091412 -0.353702555621902
0.859375 -0.488944783086992 1.07033880486122 -0.361464505023446
0.875 -0.470634350679099 1.27187634331586 -0.368965317601231
0.890625 -0.449248453097696 1.46385256190874 -0.376155808061363
0.90625 -0.424943208186194 1.64541430274235 -0.382989124572058
0.921875 -0.397887710434051 1.81575452480419 -0.389420956960952
0.9375 -0.368263271025448 1.97411742412432 -0.395409733642282
0.953125 -0.336262574490928 2.11980396473581 -0.400916806026669
0.96875 -0.302088746688188 2.25217767186649 -0.405906619066165
0.984375 -0.265954331241626 2.37067052909153 -0.410346866523461
1 -0.228080174088193 2.47478881619341 -0.414208629528831



Final parameters      -1.7      0.994       1.08     -0.094      0.443       2.54       1.09      0.546       1.55 
