-5 0.00673794699908547 0.00673794699908547
-4.8 0.00822974704902004 0.00822974704902003
-4.6 0.0100518357446335 0.0100518357446336
-4.4 0.0122773399030684 0.0122773399030684
-4.2 0.0149955768204777 0.0149955768204777
-4 0.0183156388887342 0.0183156388887342
-3.8 0.0223707718561656 0.0223707718561656
-3.6 0.0273237224472926 0.0273237224472926
-3.4 0.033373269960326 0.0333732699603261
-3.2 0.0407622039783663 0.0407622039783663
-3 0.0497870683678641 0.049787068367864
-2.8 0.0608100626252182 0.0608100626252181
-2.6 0.0742735782143343 0.074273578214334
-2.4 0.0907179532894126 0.0907179532894127
-2.2 0.110803158362335 0.110803158362334
-2 0.135335283236613 0.135335283236613
-1.8 0.165298888221587 0.165298888221587
-1.6 0.201896517994656 0.201896517994656
-1.4 0.246596963941607 0.246596963941607
-1.2 0.301194211912203 0.301194211912203
-0.999999999999998 0.367879441171443 0.367879441171443
-0.799999999999998 0.449328964117223 0.449328964117223
-0.599999999999998 0.548811636094027 0.548811636094028
-0.399999999999998 0.670320046035641 0.670320046035641
-0.199999999999998 0.818730753077984 0.818730753077984
2.16493489801906E-15 1 1
0.200000000000002 1.22140275816017 1.22140275816017
0.400000000000002 1.49182469764127 1.49182469764127
0.600000000000002 1.82211880039051 1.82211880039051
0.800000000000002 2.22554092849247 2.22554092849247
1 2.71828182845905 2.71828182845905
1.2 3.32011692273656 3.32011692273655
1.4 4.05519996684468 4.05519996684468
1.6 4.95303242439512 4.95303242439512
1.8 6.04964746441296 6.04964746441296
2 7.38905609893068 7.38905609893067
2.2 9.02501349943413 9.02501349943414
2.4 11.0231763806416 11.0231763806416
2.6 13.4637380350017 13.4637380350017
2.8 16.4446467710971 16.4446467710971
3 20.0855369231877 20.0855369231877
3.2 24.5325301971094 24.5325301971094
3.4 29.9641000473972 29.9641000473971
3.6 36.5982344436781 36.5982344436781
3.8 44.7011844933011 44.701184493301
4 54.5981500331446 54.5981500331444
4.2 66.6863310409259 66.6863310409254
4.4 81.4508686649683 81.4508686649684
4.6 99.4843156419343 99.4843156419342
4.8 121.510417518735 121.510417518735
