101 0.0157535909284743 -0.25 2
103 0.0186102063631438 -0.3 2
105 0.022319820461322 -0.15 1.9
107 0.027258794706595 -1.71 1.9
109 0.0340361856104235 0.81 1.9
111 0.0436900798175185 0.65 1.9
113 0.0581077977901087 -0.91 1.9
115 0.0810162342390205 0.91 1.9
117 0.120628370528365 0.96 1.6
119 0.198037442076569 -2.52 1.6
121 0.381375996073404 -1.01 1.6
123 0.992530129820854 2.01 1.6
125 4.85730140233759 4.83 1.6
127 4.60547433222832 4.58 1.6
129 0.960339982936051 1.26 1.3
131 0.373361325385739 1.01 1.3
133 0.194994451581325 -1.26 1.3
135 0.119171909519388 0.45 1.3
137 0.080211533223756 0.15 1.3
139 0.0576178298552596 -0.91 1.3
141 0.0433701183368092 -0.81 1.1
143 0.033815921356131 -1.41 1.1
145 0.0271007881297308 1.36 1.1
147 0.0222026688767241 0.5 1.1
149 0.0185209630706873 -0.45 1.1
151 0.0156840547345931 1.61 1.1
153 0.0134520557497088 -2.21 1.1
155 0.0116645219566876 -1.86 0.9
157 0.0102108626048766 1.76 0.9
159 0.00901284964873243 -0.5 0.9
