0 0
0.1 0.112462893687391
0.2 0.222701903548297
0.3 0.328621906874903
0.4 0.4283738939975
0.5 0.520496962242239
0.6 0.603850136707248
0.7 0.677791154283859
0.8 0.74208663985377
0.9 0.796920248302896
1 0.842729958487199
1.1 0.880261912901336
1.2 0.910410356715811
1.3 0.934008812808613
1.4 0.952287327724418
1.5 0.971740145000712
1.6 0.97635368637245
1.7 0.983819940945992
1.8 0.989127616315463
1.9 0.99281130520731
2 0.995349502997208
2.1 0.9970562492503
2.2 0.998183996305924
2.3 0.998917900083265
2.4 0.99929368485913
2.5 0.999572768883691
2.6 0.999742121108076
2.7 0.999843214716282
2.8 0.999902832363689
2.9 1.00432851542701
3 1.00558976797901
3.1 0.99998605609018
3.2 0.999996306083465
3.3 0.99999927472146
3.4 1.00000648364478
