-1 -0.84270068974759
-0.916666666666667 -0.805149215331263
-0.833333333333333 -0.761407047020729
-0.75 -0.711155569636656
-0.666666666666667 -0.65422143918473
-0.583333333333333 -0.59060462153396
-0.5 -0.520500016304747
-0.416666666666667 -0.444310297714244
-0.333333333333333 -0.362648083751271
-0.25 -0.276326261353527
-0.166666666666667 -0.186336188226692
-0.0833333333333332 -0.093814473279957
8.32667268468867E-17 9.99999971718069E-10
0.0833333333333334 0.0938144732799571
0.166666666666667 0.186336188226692
0.25 0.276326261353527
0.333333333333333 0.362648083751271
0.416666666666667 0.444310297714244
0.5 0.520500016304747
0.583333333333333 0.59060462153396
0.666666666666667 0.654221439184731
0.75 0.711155569636657
0.833333333333333 0.761407047020729
0.916666666666667 0.805149215331263
