0 0 0
0.125 0.110192637849621 0.110312112823074
0.25 0.19432980111389 0.194700195767851
0.375 0.257181677247254 0.257733479546615
0.5 0.30257848118936 0.303265329856317
0.625 0.333756979084943 0.334538392824369
0.75 0.353432224029328 0.354274914555761
0.875 0.363876118184053 0.364754267218695
1 0.366980539726834 0.367879441171442
1.125 0.364315795137392 0.365234025778143
1.25 0.357215475546167 0.358130996075238
1.375 0.346731497333836 0.347654444231526
1.5 0.333789792341598 0.334695240222645
1.625 0.319091687701401 0.319981472206815
1.75 0.303229882329375 0.304104401038279
1.875 0.286678926168398 0.287540562834241
2 0.269815144155883 0.270670566473225
2.125 0.252980912353135 0.253795057566779
2.25 0.236342758326814 0.237148255264195
2.375 0.220140031401436 0.220909411875326
2.5 0.204447820512658 0.205212496559747
2.625 0.189421438321961 0.19015436221491
2.75 0.175103562144213 0.175801618318446
2.875 0.161529595482329 0.16219640107336
3 0.148725914295151 0.149361205103592
3.125 0.136704077934052 0.137302917573148
3.25 0.125460888990107 0.126016175453097
3.375 0.114972727311088 0.115486149301873
3.5 0.105226642170705 0.105690841978115
3.625 0.0961811341513235 0.0966029778442886
3.75 0.0878136924102425 0.0881915469600341
3.875 0.0800818099405681 0.0804230592605865
4 0.0729565277327267 0.0732625555549367
4.125 0.0663973863195058 0.0666744151761842
4.25 0.0603723733175758 0.0606229941132468
4.375 0.0548459557124662 0.0550731223106487
4.5 0.0497825122770185 0.0499904844220904
4.625 0.0451556258783237 0.045341904540676
4.75 0.0409235219200783 0.041095552214823
4.875 0.0370452568671213 0.0372210843169423
5 0.0334919184122423 0.0336897349954273
5.125 0.0302564182055045 0.0304743639519195
5.25 0.0273184954309304 0.0275494715957023
5.375 0.0246543637097617 0.0248911881927412
5.5 0.0222446846155314 0.0224772429115524
5.625 0.0199908625457111 0.0202869176400885
5.75 0.0179541267544201 0.0183009895799306
5.875 0.0161272981098551 0.0165016658928374
6 0.0144848899641258 0.0148725130599982
6.125 0.0129106079833114 0.0133983830988702
6.25 0.0115132354809051 0.0120653383514232
6.375 0.0102747851014452 0.0108605761982414
6.5 0.00907724031711755 0.00977235475435422
6.625 0.00800144240231155 0.00878992035555382
6.75 0.00706405376439278 0.00790343744034043
6.875 0.00610815020633936 0.0071039212657025
7 0.00527930973398534 0.00638317375888161
7.125 0.00455066319036775 0.00573372269713787
7.25 0.00374909500040947 0.00514876431910848
7.375 0.0031169109498271 0.00462210940105737
7.5 0.00242794255040424 0.00414813277610875
7.625 0.00181669498369808 0.00372172623186604
7.75 0.00123607799656522 0.00333825468946158
7.875 0.000620403188178991 0.00299351554322203
8 9.81598749501822E-05 0.00268370102322009
