-1.5 2.36327182095042
-1.41666666666667 2.58981325061251
-1.33333333333333 3.04676539150788
-1.25 3.92133348530063
-1.16666666666667 5.80519049746561
-1.08333333333333 11.6922082246705
-1 2.59677180169062E+15
-0.916666666666667 -12.5448308330704
-0.833333333333334 -6.67957924913076
-0.75 -4.83414657977968
-0.666666666666667 -4.01840783284625
-0.583333333333334 -3.64724070106202
-0.5 -3.54490773142563
-0.416666666666667 -3.66890210503439
-0.333333333333334 -4.06235385534384
-0.25 -4.90166685662579
-0.166666666666667 -6.77272224704321
-0.0833333333333336 -12.6665589100597
-3.05311331771918E-16 -3.2753452193584E+15
0.083333333333333 11.4994280659662
0.166666666666666 5.56631594622618
0.25 3.62560987363124
0.333333333333333 2.6789385102653
0.416666666666666 2.12755704003108
0.5 1.77245383609822
0.583333333333333 1.52870918485971
0.666666666666666 1.35411792905263
0.75 1.22541669347033
0.833333333333333 1.1287870219665
0.916666666666666 1.05554655769287
1 0.999999989064903
1.08333333333333 0.958285672163846
1.16666666666667 0.927719324371028
1.25 0.906402468407809
1.33333333333333 0.892979503421765
1.41666666666667 0.886482100012951
1.5 0.886226918049111
1.58333333333333 0.8917470245015
1.66666666666667 0.902745286035088
1.75 0.919062520102746
1.83333333333333 0.940655851638748
1.91666666666667 0.967584344551797
2 0.999999989064904
2.08333333333333 1.03814281151083
2.16666666666667 1.0823392117662
2.25 1.13300308550976
2.33333333333333 1.19063933789569
2.41666666666667 1.25584964168501
2.5 1.32934037707366
2.58333333333333 1.41193278879404
2.66666666666667 1.50457547672515
2.75 1.6083594101798
2.83333333333333 1.72453572800437
2.91666666666667 1.85453666039094
3 1.9999999781298
3.08333333333333 2.1627975239809
3.16666666666667 2.34506829216011
3.25 2.54925694239696
3.33333333333333 2.77815845508993
3.41666666666667 3.03496996740545
3.5 3.32335094268418
3.58333333333333 3.64749303771795
3.66666666666667 4.01220127126707
3.75 4.42298837799446
3.83333333333334 4.88618456267906
3.91666666666667 5.40906525947358
