1 4.78071522683252
1.1 4.76359321808476
1.2 4.74647120933699
1.3 4.72934920058923
1.4 4.71222719184146
1.5 4.69510518309369
1.6 4.67798317434593
1.7 4.66086116559816
1.8 4.6437391568504
1.9 4.62661714810263
2 4.60949513935486
2.1 4.5923731306071
2.2 4.57525112185933
2.3 4.55812911311157
2.4 4.5410071043638
2.5 4.52388509561603
2.6 4.50676308686827
2.7 4.4896410781205
2.8 4.47251906937274
2.9 4.45539706062497
3 4.4382750518772
3.1 4.42115304312944
3.2 4.40403103438167
3.3 4.38690902563391
3.4 4.36978701688614
3.5 4.35266500813837
3.6 4.33554299939061
3.7 4.31842099064284
3.8 4.30129898189508
3.9 4.28417697314731
4 4.26705496439955
4.1 4.24993295565178
4.2 4.23281094690401
4.3 4.21568893815625
4.4 4.19856692940848
4.5 4.18144492066072
4.6 4.16432291191295
4.7 4.14720090316518
4.8 4.13007889441742
4.9 4.11295688566965
5 4.09583487692189
5.1 4.07871286817412
5.2 4.06159085942635
5.3 4.04446885067859
5.4 4.02734684193082
5.5 4.01022483318306
5.6 3.99310282443529
5.7 3.97598081568752
5.8 3.95885880693976
5.9 3.94173679819199
6 3.92461478944423
6.1 3.90749278069646
6.19999999999999 3.8903707719487
6.29999999999999 3.87324876320093
6.39999999999999 3.85612675445316
6.49999999999999 3.8390047457054
6.59999999999999 3.82188273695763
6.69999999999999 3.80476072820987
6.79999999999999 3.7876387194621
6.89999999999999 3.77051671071433
6.99999999999999 3.75339470196657
7.09999999999999 3.7362726932188
7.19999999999999 3.71915068447104
7.29999999999999 3.70202867572327
7.39999999999999 3.6849066669755
7.49999999999999 3.66778465822774
7.59999999999999 3.65066264947997
7.69999999999999 3.63354064073221
7.79999999999999 3.61641863198444
7.89999999999999 3.59929662323668
7.99999999999999 3.58217461448891
8.09999999999999 3.56505260574114
8.19999999999999 3.54793059699338
8.29999999999999 3.53080858824561
8.39999999999999 3.51368657949785
8.49999999999999 3.49656457075008
8.59999999999999 3.47944256200231
8.69999999999999 3.46232055325455
8.79999999999999 3.44519854450678
8.89999999999999 3.42807653575902
8.99999999999999 3.41095452701125
9.09999999999999 3.39383251826348
9.19999999999999 3.37671050951572
9.29999999999998 3.35958850076795
9.39999999999998 3.34246649202019
9.49999999999998 3.32534448327242
9.59999999999998 3.30822247452465
9.69999999999998 3.29110046577689
9.79999999999998 3.27397845702912
9.89999999999998 3.25685644828136
9.99999999999998 3.23973443953359
10.1 3.22261243078583
10.2 3.20549042203806
10.3 3.18836841329029
10.4 3.17124640454253
10.5 3.15412439579476
10.6 3.137002387047
10.7 3.11988037829923
10.8 3.10275836955146
10.9 3.0856363608037
11 3.06851435205593
11.1 3.05139234330817
11.2 3.0342703345604
11.3 3.01714832581263
11.4 3.00002631706487
11.5 2.9829043083171
11.6 2.96578229956934
11.7 2.94866029082157
11.8 2.93153828207381
11.9 2.91441627332604
12 2.89729426457827
12.1 2.88017225583051
12.2 2.86305024708274
12.3 2.84592823833498
12.4 2.82880622958721
12.5 2.81168422083944
12.6 2.79456221209168
12.7 2.77744020334391
12.8 2.76031819459615
12.9 2.74319618584838
13 2.72607417710061
13.1 2.70895216835285
13.2 2.69183015960508
13.3 2.67470815085732
13.4 2.65758614210955
13.5 2.64046413336179
13.6 2.62334212461402
13.7 2.60622011586625
13.8 2.58909810711849
13.9 2.57197609837072
14 2.55485408962296
14.1 2.53773208087519
14.2 2.52061007212742
14.3 2.50348806337966
14.4 2.48636605463189
14.5 2.46924404588413
14.6 2.45212203713636
14.7 2.43500002838859
14.8 2.41787801964083
14.9 2.40075601089306
15 2.3836340021453
