-1 0.35322690848236
-0.97979797979798 0.354978662414129
-0.95959595959596 0.352231121729726
-0.939393939393939 0.344681547476605
-0.919191919191919 0.332080325774286
-0.898989898989899 0.314238777197229
-0.878787878787879 0.291036367733596
-0.858585858585859 0.262427143911851
-0.838383838383838 0.228445220004828
-0.818181818181818 0.1892091546214
-0.797979797979798 0.144925067493977
-0.777777777777778 0.0958883647818509
-0.757575757575758 0.0424839625495819
-0.737373737373737 -0.0148150770427492
-0.717171717171717 -0.0754505542743096
-0.696969696969697 -0.138783811870795
-0.676767676767677 -0.204102080453067
-0.656565656565657 -0.270626449179677
-0.636363636363636 -0.337521386398483
-0.616161616161616 -0.403905700230282
-0.595959595959596 -0.468864794959067
-0.575757575757576 -0.531464046711275
-0.555555555555556 -0.590763091976412
-0.535353535353535 -0.64583079583278
-0.515151515151515 -0.695760644026199
-0.494949494949495 -0.739686284970436
-0.474747474747475 -0.776796934872288
-0.454545454545455 -0.806352352004202
-0.434343434343434 -0.827697085005531
-0.414141414141414 -0.840273705209702
-0.393939393939394 -0.843634744446489
-0.373737373737374 -0.837453077485235
-0.353535353535353 -0.821530512044482
-0.333333333333333 -0.795804378724626
-0.313131313131313 -0.760351947807247
-0.292929292929293 -0.715392538957015
-0.272727272727273 -0.661287232686934
-0.252525252525252 -0.598536138126955
-0.232323232323232 -0.52777321920564
-0.212121212121212 -0.449758729786793
-0.191919191919192 -0.365369356530654
-0.171717171717172 -0.27558621519174
-0.151515151515151 -0.181480890654858
-0.131313131313131 -0.0841997522192636
-0.111111111111111 0.0150531874941937
-0.0909090909090909 0.115034569988845
-0.0707070707070707 0.214480818992602
-0.0505050505050505 0.312127754441901
-0.0303030303030303 0.406730335583859
-0.0101010101010101 0.497082171830163
0.0101010101010102 0.582034442931606
0.0303030303030303 0.660513880481712
0.0505050505050506 0.731539480493716
0.0707070707070707 0.794237641448025
0.0909090909090908 0.847855453236401
0.111111111111111 0.891771899144115
0.131313131313131 0.925506774590844
0.151515151515152 0.948727171861572
0.171717171717172 0.96125142847893
0.191919191919192 0.96305048711412
0.212121212121212 0.954246665884451
0.232323232323232 0.935109888413499
0.252525252525253 0.906051472025882
0.272727272727273 0.867615618850131
0.292929292929293 0.820468797419598
0.313131313131313 0.765387240697305
0.333333333333333 0.703242819526761
0.353535353535354 0.634987577681099
0.373737373737374 0.561637235448433
0.393939393939394 0.484253982710246
0.414141414141414 0.403928889562581
0.434343434343434 0.321764262681246
0.454545454545455 0.23885626898792
0.474747474747475 0.156278135033606
0.494949494949495 0.0750642113226668
0.515151515151515 -0.00380483387283195
0.535353535353535 -0.0794154561277201
0.555555555555556 -0.150933110313426
0.575757575757576 -0.217612394945005
0.595959595959596 -0.278805339415342
0.616161616161616 -0.333967748382634
0.636363636363636 -0.382663558276821
0.656565656565657 -0.424567201108559
0.676767676767677 -0.459464009637261
0.696969696969697 -0.487248734680262
0.717171717171717 -0.507922279199759
0.737373737373737 -0.521586784157059
0.757575757575758 -0.528439227449393
0.777777777777778 -0.528763719131381
0.797979797979798 -0.522922693278366
0.818181818181818 -0.511347209101395
0.838383838383838 -0.494526581222665
0.858585858585859 -0.472997561431854
0.878787878787879 -0.447333291943405
0.898989898989899 -0.418132243438653
0.919191919191919 -0.386007340369984
0.939393939393939 -0.351575461568192
0.95959595959596 -0.315447486631708
0.97979797979798 -0.278219038436551
1 -0.240462049968584



-1 0.398219463498726
-0.984375 0.387137414966331
-0.96875 0.374402991489312
-0.953125 0.359952320388343
-0.9375 0.343724101310198
-0.921875 0.325660795470292
-0.90625 0.305709942911893
-0.890625 0.283825601357355
-0.875 0.259969896739473
-0.859375 0.234114671762749
-0.84375 0.20624321491742
-0.828125 0.176352048330186
-0.8125 0.144452748774369
-0.796875 0.110573772181226
-0.78125 0.0747622482063282
-0.765625 0.0370857079322032
-0.75 -0.00236629524134239
-0.734375 -0.0434807139240493
-0.71875 -0.0861197284369619
-0.703125 -0.130119706971905
-0.6875 -0.175290449273255
-0.671875 -0.22141475784393
-0.65625 -0.268248378487867
-0.640625 -0.315520348625149
-0.625 -0.362933787221244
-0.609375 -0.410167154357623
-0.59375 -0.456876001470094
-0.578125 -0.502695225163158
-0.5625 -0.547241828380047
-0.546875 -0.59011818271352
-0.53125 -0.63091577496259
-0.515625 -0.669219409889942
-0.5 -0.704611829758986
-0.484375 -0.736678699898187
-0.46875 -0.765013898542609
-0.453125 -0.78922503883893
-0.4375 -0.808939141474101
-0.421875 -0.823808368197294
-0.40625 -0.83351571983256
-0.390625 -0.837780597483972
-0.375 -0.836364122740245
-0.359375 -0.829074111973947
-0.34375 -0.815769601432913
-0.328125 -0.796364823813179
-0.3125 -0.770832543396351
-0.296875 -0.739206665577502
-0.28125 -0.701584047583324
-0.265625 -0.658125450199561
-0.25 -0.609055585144035
-0.234375 -0.554662229031163
-0.21875 -0.495294392319611
-0.203125 -0.431359549818479
-0.1875 -0.363319957820025
-0.171875 -0.291688101280008
-0.15625 -0.217021332225411
-0.140625 -0.139915777285671
-0.125 -0.0609996074900701
-0.109375 0.0190742231437138
-0.09375 0.0996356525355041
-0.078125 0.180005472624734
-0.0625 0.259503446319304
-0.046875 0.337456443977638
-0.03125 0.413206464010424
-0.015625 0.486118405069802
0 0.555587463053489
0.015625 0.621046034629615
0.03125 0.681970019952854
0.046875 0.737884430396961
0.0625 0.788368222120842
0.078125 0.833058292718233
0.09375 0.871652595645991
0.109375 0.903912345135131
0.125 0.929663302408578
0.140625 0.948796151814356
0.15625 0.961265992507584
0.171875 0.967090987186659
0.1875 0.966350223758734
0.203125 0.959180858379664
0.21875 0.945774618845244
0.234375 0.926373755629172
0.25 0.90126653386052
0.265625 0.870782363168591
0.28125 0.83528666362049
0.296875 0.795175565023053
0.3125 0.750870533799255
0.328125 0.702813016672957
0.34375 0.651459183739536
0.359375 0.597274845431305
0.375 0.54073060869628
0.390625 0.482297327701126
0.40625 0.422441893852107
0.421875 0.361623399204374
0.4375 0.300289696688825
0.453125 0.238874370294891
0.46875 0.177794118646604
0.484375 0.117446546505379
0.5 0.0582083507963156
0.515625 0.000433880916753004
0.53125 -0.0555459525626003
0.546875 -0.109424451101268
0.5625 -0.160919616748779
0.578125 -0.209774391436023
0.59375 -0.255756683123389
0.609375 -0.298659214590891
0.625 -0.338299229334184
0.640625 -0.37451808685495
0.65625 -0.407180776745791
0.671875 -0.436175377518132
0.6875 -0.461412482260328
0.703125 -0.482824609094598
0.71875 -0.500365610173042
0.734375 -0.514010088753279
0.75 -0.523752829849609
0.765625 -0.529608246177946
0.78125 -0.531609837697347
0.796875 -0.529809660075486
0.8125 -0.524277794928748
0.828125 -0.515101812750451
0.84375 -0.502386218065064
0.859375 -0.486251865537274
0.875 -0.466835335510879
0.890625 -0.444288257728053
0.90625 -0.418776572745735
0.921875 -0.390479721773247
0.9375 -0.359589757245401
0.953125 -0.32631036835334
0.96875 -0.290855817911573
0.984375 -0.253449789272074
1 -0.214324144432247



Final parameters     -1.68      0.979       1.13    -0.0939      0.447       2.56       1.08      0.545       1.59 
