 4.9921875 
 4.9765625 
 4.9609375 
 4.9453125 
 4.9296875 
 4.9140625 
 4.8984375 
 4.8828125 
 4.8671875 
 4.8515625 
 4.8359375 
 4.8203125 
 4.8046875 
 4.7890625 
 4.7734375 
 4.7578125 
 4.7421875 
 4.7265625 
 4.7109375 
 4.6953125 
 4.6796875 
 4.6640625 
 4.6484375 
 4.6328125 
 4.6171875 
 4.6015625 
 4.5859375 
 4.5703125 
 4.5546875 
 4.5390625 
 4.5234375 
 4.5078125 
 4.4921875 
 4.4765625 
 4.4609375 
 4.4453125 
 4.4296875 
 4.4140625 
 4.3984375 
 4.3828125 
 4.3671875 
 4.3515625 
 4.3359375 
 4.3203125 
 4.3046875 
 4.2890625 
 4.2734375 
 4.2578125 
 4.2421875 
 4.2265625 
 4.2109375 
 4.1953125 
 4.1796875 
 4.1640625 
 4.1484375 
 4.1328125 
 4.1171875 
 4.1015625 
 4.0859375 
 4.0703125 
 4.0546875 
 4.0390625 
 4.0234375 
 4.0078125 
 4.09375 
 4.28125 
 4.46875 
 4.65625 
 4.84375 
 5.03125 
 5.21875 
 5.40625 
 5.59375 
 5.78125 
 5.96875 
 6.15625 
 6.34375 
 6.53125 
 6.71875 
 6.90625 
 6.9375 
 6.8125 
 6.6875 
 6.5625 
 6.4375 
 6.3125 
 6.1875 
 6.0625 
 5.9375 
 5.8125 
 5.6875 
 5.5625 
 5.4375 
 5.3125 
 5.1875 
 5.0625 
