0.01 3.04156769523563 -0.00498543124380099
0.03 3.04136837763204 -0.0149263873711281
0.0665237183504657 3.04049201524746 -0.0330290149675789
0.119775656206147 3.03802933930726 -0.0595194864170449
0.187171640276951 3.03287784179101 -0.0937402037747325
0.264433652674796 3.02408601524669 -0.134847593602435
0.335448841534016 3.01311669109113 -0.175421026613518
0.395530919845068 3.00149992449092 -0.21257578247103
0.445684889093212 2.99002714342616 -0.246047012083075
0.488168941189785 2.9789482964352 -0.276446811899363
0.524992483700349 2.96826647643911 -0.304514590076007
0.557651046447303 2.95790221056357 -0.330884399576968
0.587199175526326 2.94776261156858 -0.356045438140068
0.614371575565935 2.93776531803409 -0.380360255623631
0.639682815335164 2.92784418488128 -0.404093632907625
0.663498084888791 2.91794845952516 -0.427438355263066
0.686081091362927 2.90804009422302 -0.450535180425393
0.70762604821724 2.89809090283418 -0.473487516322144
0.728279042350367 2.88808011005662 -0.496371981530002
0.748152388948207 2.87799240359395 -0.519245940282869
0.767334355802329 2.86781644760171 -0.542152866014612
0.785895814374433 2.85754377398888 -0.565126161392998
0.803894837016252 2.84716796708678 -0.58819188516143
0.821379911088727 2.83668406935039 -0.611370705365693
0.838392214149759 2.82608815049806 -0.634679304811462
0.854967246309247 2.81537699598606 -0.658131398120452
0.871136018459795 2.80454788184038 -0.681738472813211
0.88692593063249 2.79359841157466 -0.705510333764218
0.902361431812387 2.7825263975281 -0.729455507079312
0.917464523816247 2.77132977386521 -0.753581543048393
0.932255152491447 2.76000653207471 -0.777895246287069
0.946751516397043 2.74855467240964 -0.802402853059008
0.960970314204522 2.73697216658282 -0.827110170051394
0.974926945935319 2.72525692836869 -0.852022684844391
0.988635678922902 2.71340678971184 -0.877145655469643
1.0021097864406 2.70141948061456 -0.902484184439881
1.01536166486475 2.68929261154873 -0.928043281204446
1.02840293377195 2.67702365746977 -0.953827915970725
1.04124452231392 2.66460994274182 -0.97984306710795
1.05389674444811 2.65204862644407 -1.00609376383273
1.06636936504056 2.63933668763749 -1.03258512550579
1.07867165844134 2.62647091024405 -1.05932239860513
1.09081246082035 2.61344786723676 -1.08631099225334
1.10280021731535 2.60026390386482 -1.11355651304586
1.1146430248636 2.58691511964904 -1.14106479983862
1.12634867145036 2.57339734888115 -1.16884195909773
1.13792467240114 2.55970613934798 -1.19689440138504
1.14937830426347 2.54583672897974 -1.22522887954639
1.16071663676213 2.53178402008972 -1.25385252918242
1.17194656326687 2.51754255083082 -1.28277291201364
1.1830748301798 2.50310646344155 -1.31199806280243
1.19410806563078 2.48846946878783 -1.34153654056586
1.20505280786066 2.47362480662623 -1.37139748490705
1.21591553367545 2.45856520091446 -1.40159067841324
1.22670268736864 2.44328280937324 -1.43212661622005
1.23742071053526 2.42776916635349 -1.46301658403135
1.24807607324125 2.41201511787832 -1.49427274612067
1.25867530706815 2.39601074750012 -1.52590824513606
1.26922504062818 2.37974529132815 -1.55793731590029
1.27973203824465 2.36320704022494 -1.59037541586461
1.29020324262244 2.34638322671928 -1.62323937546262
1.30064582250161 2.32925989361155 -1.65654757236103
1.31106722650716 2.31182174051481 -1.69032013456462
1.32147524469394 2.29405194362949 -1.72457917857393
1.33187807966172 2.27593194281777 -1.75934909041303
1.34228442961274 2.25744118842426 -1.79465685947305
1.35270358638708 2.23855683813593 -1.83053247794898
1.3631455524061 2.21925339128025 -1.86700942245302
1.3736211816735 2.19950224402151 -1.90412523956904
1.38414235166937 2.17927114348272 -1.94192226425952
1.39472217533441 2.15852351121822 -1.98044851003843
1.40537526570462 2.13721759565088 -2.01975878405032
1.41611807062989 2.11530539744035 -2.05991610078766
1.42696930220926 2.09273128865484 -2.10099349857601
1.43795049644675 2.06943021178394 -2.14307640881404
1.44908675545062 2.04532529078637 -2.18626579884878
1.46040775124971 2.02032460081524 -2.23068242203451
1.47194911420769 1.99431670298806 -2.2764726933077
1.48375440374009 1.96716431209105 -2.32381702286004
1.49587799169364 1.93869504222301 -2.37294199796565
1.50838943628295 1.90868738721748 -2.42413884256268
1.52138041491207 1.87684853313711 -2.47779264247522
1.53497633009235 1.84277727903241 -2.53443121103101
1.54935715031603 1.80589758235165 -2.59481273109047
1.56468240524021 1.76563658778791 -2.65960597546426
1.58051015021391 1.72300986398334 -2.72689587839954
1.59653654722723 1.67876040755277 -2.79528556759704
1.61256481020596 1.6334080773214 -2.86379562532971
1.62847404605341 1.58730636240173 -2.93175328272158
1.64419439000952 1.54069101880484 -2.99869948870573
1.65968911525269 1.49371704325292 -3.06431944596939
1.67494247334212 1.44648506610591 -3.12839379291494
1.68995171367359 1.39905949908289 -3.19076553298845
1.70347243100259 1.35554067174172 -3.24623024225657
1.71551340524661 1.31615763119251 -3.29493739169336
1.72636311274815 1.28017220687261 -3.3381876659637
1.73681348647741 1.24507089224717 -3.37920426829505
1.74620342556383 1.21316877640405 -3.41546582205131
1.75527241042186 1.18203647547267 -3.44990777747147
1.76396739375154 1.15189728454959 -3.4823521193345
1.77228191292906 1.12281540858732 -3.51281099199846
1.78023380513273 1.09476719721701 -3.5413910574412
1.78785165902964 1.06768613710142 -3.56823684224177
1.79516723565194 1.04148908218964 -3.59350008723396
1.80221157267853 1.01609046593288 -3.61732475162074
1.80901321051948 0.991409337482934 -3.63984078281778
1.81559757149634 0.967372340990996 -3.66116248141886
1.82198692618235 0.943914522537023 -3.68138908700324
1.82820063085839 0.920979053261249 -3.70060629827874
1.83425546702979 0.898516473614109 -3.71888806544502
1.84016599727368 0.876483780893461 -3.7362983372308
1.8459448974564 0.854843521838168 -3.75289262838995
1.85160324965791 0.833562963666325 -3.76871936682709
1.85715079245283 0.812613369935568 -3.78382102409026
1.86259613098011 0.791969383851706 -3.79823505181343
1.86794691155874 0.771608510674663 -3.81199465251102
1.87320996617804 0.751510686695399 -3.82512941275179
1.87839143193427 0.731657921538735 -3.83766582375329
1.88349684988876 0.712034001448332 -3.84962771064649
1.88853124713627 0.692624242751318 -3.86103658792108
1.89349920521425 0.67341528638063 -3.87191195523292
1.89840491740159 0.654394925915743 -3.88227154494584
1.90325223696496 0.635551962990884 -3.89213153048132
1.90804471800678 0.616876085090161 -3.9015067027031
1.91278565024302 0.598357761711974 -3.91041062009665
1.91747808877725 0.579988155665494 -3.9188557373451
1.92212487972981 0.561759046888825 -3.9268535159909
1.92672868241523 0.543662766679267 -3.93441452015425
1.93129198863057 0.525692140625338 -3.94154849971282
1.93581713951238 0.5078404388484 -3.94826446289942
1.9403063403375 0.49010133241561 -3.95457073991832
1.94476167357627 0.472468854989039 -3.96047503889748
1.94918511045328 0.454937368938804 -3.96598449526633
1.9535785212281 0.437501535279372 -3.97110571546569
1.95794368437352 0.42015628689451 -3.97584481574738
1.96228229480023 0.402896804602693 -3.98020745670074
1.9665959712541 0.385718495685415 -3.98419887404333
1.97088626299281 0.36861697455871 -3.98782390613193
1.97515465583305 0.35158804531599 -3.99108701858185
1.97940257764627 0.334627685909884 -3.9939923263264
1.98363140337018 0.317732033773701 -3.996543613401
1.98784245959408 0.300897372710685 -3.99874435069679
1.99203702876823 0.284120120902367 -4.00059771189496
1.99621635308137 0.26739681990682 -4.00210658776454
2.00038163804451 0.250724124534109 -4.00327359898207
2.00453405581503 0.234098793500238 -4.00410110761051
2.00867474829064 0.21751768077285 -4.00459122735716
2.01280482999968 0.200977727532102 -4.0047458327143
2.01692539081122 0.184475954678896 -4.00456656707312
2.02103749848603 0.168009455830121 -4.00405484988956
2.02514220108714 0.15157539074704 -4.00321188297011
2.02924052926723 0.135170979148473 -4.00203865593667
2.03333349844809 0.118793494865236 -4.00053595092128
2.0374221109066 0.102440260296425 -3.99870434653417
2.04150735777982 0.0861086411316666 -3.99654422114208
2.04559022100161 0.0697960413065328 -3.99405575548766
2.04967167518166 0.0534998981609276 -3.99123893467544
2.05375268943769 0.0372176777724917 -3.98809354954458
2.05783422919064 0.0209468704389647 -3.98461919744401
2.06191725793238 0.00468498628503194 -3.98081528242089
2.06600273897524 -0.0115704490295065 -3.97668101482917
2.07009163719215 -0.0278218985223487 -3.97221541036082
2.07418492075625 -0.0440718180433666 -3.96741728849803
2.07828356288871 -0.0603226603920251 -3.96228527038087
2.08238854362343 -0.0765768794178249 -3.95681777608066
2.08650085159757 -0.0928369341238643 -3.95101302126502
2.09062148587689 -0.109105292793617 -3.94486901323644
2.09475145782533 -0.125384437161225 -3.93838354632165
2.09889179302847 -0.141676866646025 -3.93155419658413
2.10304353328113 -0.157985102672611 -3.92437831582738
2.10720773864995 -0.174311693098601 -3.91685302485078
2.11138548962245 -0.190659216773305 -3.90897520591414
2.11557788935484 -0.207030288251822 -3.90074149436059
2.1197860660321 -0.22342756269065 -3.89214826934035
2.12401117535457 -0.2398537409528 -3.88319164356999
2.1282544031671 -0.256311574952569 -3.87386745205332
2.13251696824787 -0.272803873272749 -3.86417123968011
2.136800125276 -0.289333507090005 -3.85409824760796
2.14110516799914 -0.305903416447637 -3.84364339832054
2.14543343262425 -0.322516616918957 -3.83280127924137
2.14978630145777 -0.339176206709119 -3.82156612476654
2.15416520682422 -0.355885374248613 -3.80993179656203
2.15857163529605 -0.372647406337767 -3.7978917619506
2.16300713227119 -0.389465696908795 -3.78543907018978
2.16747330694016 -0.406343756480133 -3.77256632641576
2.17197183768943 -0.423285222387449 -3.75926566299629
2.17650447799444 -0.440293869886807 -3.74552870800024
2.18107306286308 -0.457373624238475 -3.7313465504493
2.1856795158991 -0.474528573895021 -3.71670970196854
2.1903258570649 -0.491762984935071 -3.70160805439565
2.19501421123549 -0.509081316905007 -3.68603083284182
2.19974681764907 -0.526488240255413 -3.66996654361828
2.20452604037684 -0.543988655588192 -3.65340291634975
2.20935437995397 -0.561587714964771 -3.63632683948517
2.21423448633795 -0.57929084556695 -3.61872428828484
2.2191691733883 -0.59710377605116 -3.60058024420541
2.22416143509625 -0.615032565996072 -3.58187860441466
2.22921446383388 -0.633083638914895 -3.56260207993966
2.23433167094266 -0.651263819390397 -3.54273208067399
2.23951671004234 -0.669580374996356 -3.52224858513114
2.24477350351634 -0.688041063798763 -3.50112999241586
2.25010627272268 -0.706654188389939 -3.47935295337226
2.2555195725947 -0.7254286576071 -3.45689217723118
2.26101833144017 -0.744374057334598 -3.43372020928385
2.26660789692879 -0.763500732100656 -3.40980717410798
2.27229408948861 -0.782819879574066 -3.38512047760374
2.27808326462619 -0.802343660570296 -3.35962445947656
2.28398238606495 -0.822085327825317 -3.3332799857154
2.28999911209012 -0.84205937763849 -3.30604396790125
2.29614189813676 -0.862281729591754 -3.27786879261822
2.30242011951835 -0.88276994101826 -3.24870163951552
2.30884421934793 -0.903543464858683 -3.21848366023256
2.31542588827297 -0.924623962210032 -3.18714898179818
2.32217828480414 -0.946035684538633 -3.15462348628267
2.32911630803454 -0.967805945644879 -3.12082330196715
2.33625693882428 -0.989965710719458 -3.08565291787881
2.34361967170351 -1.01255034029274 -3.04900279975236
2.35122706884073 -1.03560054226759 -3.01074633577234
2.3591054811003 -1.05916360835637 -2.97073586573444
2.36728600228778 -1.08329504686407 -2.92879743220599
2.37580575605127 -1.10806078014439 -2.88472371017772
2.38470966941682 -1.13354016714162 -2.83826427441953
2.39399004145871 -1.15965470382631 -2.78944428054756
2.40349377484551 -1.18592636024228 -2.73906976509101
2.41312080656108 -1.21204898980096 -2.68769078376214
2.422808185357 -1.23783446294133 -2.63567359751712
2.43251771868803 -1.26317182054808 -2.58325863349256
2.4422272340398 -1.28799894538298 -2.5306026043286
2.45192470164029 -1.31228387102891 -2.4778075120518
2.46160439910113 -1.33601282003405 -2.42493999671475
2.47126445638862 -1.35918270205041 -2.37204399188943
2.48090530521606 -1.38179647898538 -2.31914889756169
2.49052870979322 -1.40386033813639 -2.26627481345746
2.5001371666467 -1.42538199083577 -2.21343587044539
2.50973353670867 -1.44636966507332 -2.16064234232771
2.51932082258602 -1.46683152255878 -2.10790198036656
2.52890203601642 -1.48677533328744 -2.05522085466058
2.53848012098235 -1.50620830487963 -2.00260388369411
2.54805791090087 -1.52513700382777 -1.95005516725279
2.5576381064541 -1.54356733039335 -1.89757819563917
2.56722326573224 -1.56150452402192 -1.84517598124161
2.57681580155313 -1.57895318540408 -1.79285114147341
2.58641798281152 -1.59591730695789 -1.74060595133018
2.59603193794754 -1.61240030693642 -1.68844237702346
2.6056596593901 -1.62840506443384 -1.63636209787474
2.6153030083033 -1.64393395380354 -1.58436652096999
2.62496371925454 -1.65898887773708 -1.53245679139192
2.63464340459961 -1.67357129868212 -1.48063379979376
2.64434355848728 -1.68768226852217 -1.42889818842116
2.65406556044946 -1.70132245657543 -1.37725035627851
2.66381067858049 -1.71449217603826 -1.3256904638819
2.67358007233021 -1.7271914090297 -1.27421843788255
2.68337479494709 -1.73941983040068 -1.22283397574731
2.69319579561346 -1.75117683046819 -1.17153655062281
2.70304392131722 -1.76246153682293 -1.12032541647254
2.71291991850519 -1.77327283534549 -1.06919961355374
2.72282443456237 -1.78360939054985 -1.01815797428657
2.73275801916084 -1.79346966535758 -0.967199129559012
2.74272112552034 -1.80285194038999 -0.916321515505141
2.75271411162133 -1.81175433285037 -0.865523380789678
2.76273724141026 -1.82017481505358 -0.814802794428335
2.77279068603474 -1.82811123264621 -0.764157654170068
2.78287452514548 -1.83556132254669 -0.713585695463992
2.79298874829993 -1.84252273062186 -0.66308450103016
2.80313325650126 -1.84899302910379 -0.612651511049526
2.81330786390434 -1.85496973373872 -0.562284033984152
2.82351229971876 -1.86045032064837 -0.511979258034125
2.83374621033673 -1.86543224287305 -0.46173426323263
2.84400916171126 -1.8699129465557 -0.411546034175384
2.85430064200798 -1.87388988671632 -0.36141147337501
2.86462006455051 -1.87736054255763 -0.311327415225238
2.87496677107694 -1.88032243223469 -0.261290640553919
2.88534003532123 -1.88277312701443 -0.211297891738001
2.89573906693019 -1.88471026474509 -0.161345888347829
2.90616301572273 -1.88613156255102 -0.111431343282598
2.91661097629463 -1.88703482866463 -0.0615509793535442
2.92708199296762 -1.88741797330559 -0.0117015462667054
2.93757506507815 -1.8872790185162 0.0381201620471037
2.94808915259667 -1.88661610686316 0.0879172898109636
2.95862318206482 -1.88542750891755 0.137692901547707
2.96917605283377 -1.88371162942894 0.187449964053286
2.97974664358374 -1.88146701211407 0.237191328258744
2.99033381910124 -1.87869234298691 0.286919711041625
3.00093643728794 -1.87538645216421 0.33663767704622
3.01155335637252 -1.87154831408888 0.3863476205695
3.02218344229518 -1.86717704612255 0.436051747565857
3.03282557623299 -1.8622719054683 0.485752057818884
3.04347866223381 -1.85683228439453 0.535450327322407
3.05414163492638 -1.85085770374077 0.585148090905895
3.06481346727515 -1.84434780469591 0.634846625131264
3.07549317834947 -1.83730233884879 0.684546931479066
3.08617984107932 -1.82972115651909 0.734249719832177
3.09687258997247 -1.82160419338412 0.783955392254479
3.10757062877144 -1.8129514554226 0.83366402705077
3.118273238033 -1.80376300220131 0.883375363082317
3.12897978261773 -1.79403892853228 0.933088784300166
3.13968971908266 -1.78377934452907 0.982803304445621
3.1504026029759 -1.77298435408803 1.03251755185421
3.16111809603892 -1.7616540318164 1.08222975428604
3.1718359733288 -1.7497883984214 1.13193772369163
3.18255613028053 -1.73738739456447 1.18163884080802
3.19327858973726 -1.72445085317156 1.23133003946531
3.20400350898477 -1.71097847017382 1.28100779046809
3.21473118683525 -1.69696977363293 1.33066808490026
3.22546207081525 -1.6824240911817 1.38030641668372
3.2361967645223 -1.66734051568261 1.42991776420293
3.24693603522611 -1.65171786897456 1.47949657078611
3.25768082180169 -1.63555466354075 1.52903672381058
3.26843224309518 -1.61884906188765 1.57853153217347
3.27919160683747 -1.60159883337514 1.62797370183855
3.28996041923735 -1.58380130818089 1.67735530913549
3.30074039540457 -1.56545332801578 1.72666777144643
3.31153347077485 -1.54655119312996 1.77590181486751
3.32234181373456 -1.5270906050595 1.82504743837559
3.33316783967213 -1.50706660445774 1.8740938739632
3.34401422671949 -1.48647350323043 1.92302954212325
3.3548839334889 -1.46530481004503 1.97184200196767
3.36578021916277 -1.44355314810617 2.02051789514563
3.37670666635632 -1.421210163874 2.06904288258347
3.38766720725036 -1.39826642514032 2.11740157289232
3.39866615358624 -1.37471130655717 2.16557744107356
3.40970823123258 -1.35053286031745 2.21355273588517
3.42079862018096 -1.325717669196 2.26130837390008
3.43194300101234 -1.30025067854579 2.30882381787249
3.44314760911041 -1.27411500306836 2.35607693650499
3.45441929819679 -1.24729170319272 2.40304384204625
3.46576561514756 -1.21975952463257 2.44969870130008
3.47719488854863 -1.19149459305674 2.49601351453325
3.48871633410005 -1.16247005367052 2.54195785534499
3.5003401808418 -1.1326556426864 2.58749856269014
3.51207782332554 -1.10201717389968 2.63259937376141
3.52394200641458 -1.07051591850598 2.67722048309478
3.53594705152616 -1.0381078493521 2.72131800871481
3.54810913608934 -1.00474271118338 2.76484333986089
3.56044664216135 -0.970362864897401 2.80774233204618
3.57298059611828 -0.934901834415232 2.84995430268281
3.58573523005255 -0.898282456503224 2.89141076235258
3.59873870848953 -0.86041449180287 2.93203378993386
3.61183214074109 -0.821762015404653 2.9711735853761
3.62485760283807 -0.782813488876191 3.00826521434242
3.63772380467398 -0.743878912364422 3.04301170143297
3.65038364846248 -0.705144504365583 3.075285900203
3.66281795286115 -0.666714370920557 3.10506193992543
3.67502440880662 -0.628640047022488 3.13237050681112
3.68701041098544 -0.590940495782611 3.15727107536595
3.69878855942635 -0.553615213756902 3.17983536831869
3.71037392032028 -0.516652601845285 3.20013791644319
3.72178241100809 -0.480035191136762 3.21825095393792
3.73302988664022 -0.443742828717886 3.23424188206045
3.7441316557838 -0.407754564921651 3.2481722067114
3.75510225265372 -0.372049727752284 3.26009728914171
3.76595535891342 -0.336608497129055 3.27006651967398
3.77670380955929 -0.301412177337851 3.27812368960895
3.78735964348003 -0.266443291970752 3.28430743551635
3.7979341754431 -0.23168557819704 3.28865168838103
3.80843807616114 -0.197123927176727 3.29118609368604
3.81888145308499 -0.162744298606008 3.29193638741932
3.82927392814655 -0.128533625710068 3.29092472325093
3.83962471077143 -0.0944797198423009 3.2881699513907
3.84994266567989 -0.0605711795241966 3.28368785206541
3.86023637565549 -0.0267973061948325 3.27749132742261
3.87051419980675 0.00685197254383246 3.26959055570592
3.88078432801047 0.0403861722241663 3.25999311117055
3.89105483229069 0.0738143138213878 3.24870405264442
3.90133371590098 0.107144979741822 3.23572598300936
3.91162896087121 0.140386364227816 3.22105908123436
3.92194857476869 0.173546318914011 3.20470110796046
3.9323006374195 0.206632394232737 3.18664738501595
3.94269334834417 0.239651877315744 3.16689074862067
3.95313507568877 0.272611826987557 3.14542147540287
3.96363440748014 0.305519106399279 3.12222717967845
3.97420020610815 0.33838041381467 3.09729267970398
3.98484166704262 0.371202312035147 3.07059982977812
3.99556838293447 0.40399125693887 3.04212731409135
4.00639041443878 0.436753625613186 3.01185039705898
4.01731836934347 0.469495744581766 2.97974062345342
4.02836349190657 0.502223918671487 2.94576545989056
4.03953776472092 0.534944461134424 2.90988786700849
4.0508540259661 0.567663725744923 2.8720657888475
4.06232610561687 0.600388141741565 2.83225154228421
4.07396898511363 0.633124252695002 2.79039108458902
4.08579898624735 0.665878760678977 2.74642313084142
4.09783399668986 0.698658577538568 2.70027808444014
4.1099684612953 0.731138538927933 2.65237834781352
4.12207382886432 0.762953350624644 2.60329170179692
4.13407660431147 0.793904299034839 2.55340820675795
4.14593905125458 0.823898191777646 2.50298954843454
4.15764559542397 0.852905266673888 2.45220853103475
4.16919380559062 0.880931890211679 2.40117820364441
4.18058865032452 0.908003591892987 2.34997228773358
4.19183895473735 0.93415488695411 2.29863903312182
4.20295527710378 0.959423382421363 2.24721039762498
4.2139486768181 0.98384650808295 2.19570802226237
4.22483002972037 1.00745981680659 2.14414706604185
4.2356297203077 1.03033815453572 2.09244217842959
4.24640995552678 1.05261565236222 2.04034415054185
4.25720922062476 1.07436684078313 1.98770677882527
4.26805154799258 1.09563058570595 1.93444769992561
4.27895205475967 1.11642417009949 1.88052454127652
4.28992030997418 1.13675172337825 1.82592014296474
4.30096240438139 1.15660932278027 1.77063329886774
4.31208223051877 1.17598810195949 1.7146729155239
4.32328227653935 1.19487615399254 1.658054310955
4.3345641184119 1.21325970085636 1.60079686244542
4.34592872420694 1.23112381549498 1.54292250807851
4.35737664102084 1.24845287101817 1.48445478993195
4.36890810852223 1.26523082390223 1.42541824151044
4.38052312662558 1.2814413967514 1.36583799432113
4.3922214945292 1.29706820086368 1.30573952429438
4.40400283194041 1.31209482330001 1.24514848780667
4.41586658929813 1.32650489359812 1.18409061550677
4.42781205129177 1.34028213939136 1.12259164385261
4.43983833640424 1.35341043656845 1.06067727168834
4.45194439422382 1.36587385737213 0.998373133890355
4.46412900165601 1.37765671844558 0.935704787077304
4.47639075878274 1.38874362996652 0.872697704244908
4.48872808487747 1.39911954645725 0.809377276351205
4.5011392149343 1.40876981950006 0.745768819597216
4.5136221969753 1.41768025234657 0.681897587583286
4.52617489033895 1.42583715623975 0.617788787775452
4.53879496511215 1.43322740814136 0.55346760185435
4.55147990283893 1.4398385094595 0.488959209583261
4.56422699861584 1.44565864529073 0.42428881584872
4.57703336466377 1.45067674362469 0.35948168051416
4.58989593544605 1.45488253390414 0.294563150696142
4.60281147438233 1.45826660428831 0.229558695031812
4.61577658218642 1.46082045693412 0.16449393946121
4.6287877068328 1.46253656058816 0.0993947040033527
4.64184115513262 1.46340839977356 0.0342870399641155
4.65493310587394 1.46343051986135 -0.0308027330202231
4.66805962445517 1.46259856733618 -0.0958479907249983
4.68121667891424 1.46090932460216 -0.160821769499956
4.69440015723028 1.4583607387255 -0.225696733489469
4.70760588575055 1.45495194357718 -0.290445144534573
4.72082964857299 1.45068327491945 -0.35503883535478
4.73406720769546 1.44555627807256 -0.419449186566929
4.747314323727 1.4395737079022 -0.483647108043907
4.76056677694474 1.43273952097967 -0.547603025048959
4.77382038847285 1.42505885988352 -0.611286869503054
4.78707104135812 1.4165380297304 -0.674668076655414
4.80031470131925 1.40718446714028 -0.737715587333195
4.81354743695514 1.39700670195394 -0.80039785584806
4.82676543921048 1.38601431212546 -0.862682863537869
4.83996503991386 1.37421787230658 -0.924538137823566
4.8531427292257 1.36162889672002 -0.98593077656743
4.86629517185755 1.34825977698429 -1.04682747743154
4.87941922195224 1.33412371560003 -1.10719457185659
4.89251193654382 1.31923465583823 -1.16699806321315
4.90557058754673 1.30360720878205 -1.22620366862054
4.91859267225516 1.28725657826776 -1.28477686388457
4.93157592236413 1.27019848444602 -1.34268293097313
4.94451831155409 1.25244908664504 -1.39988700742917
4.95741806170966 1.23402490616197 -1.45635413711208
4.97027364787017 1.21494274954099 -1.51204932166011
4.98308380203526 1.19521963281716 -1.56693757207718
4.99572617758187 1.17506940263208 -1.62047324384558
5.00807980941656 1.15472954121343 -1.67214160660233
5.02008062536711 1.13436324856397 -1.72168881826837
5.0317016645807 1.11407852473365 -1.76902801122523
5.04293901921055 1.09394391522905 -1.81417348053664
5.05380234942808 1.0740005938926 -1.85719694998677
5.06430872585303 1.05427120897965 -1.89819966774386
5.07447876205892 1.03476615024143 -1.93729524103251
5.084334265589 1.01548788244795 -1.97459948500133
5.09389686820957 0.996433885508641 -2.01022472053384
5.10318727292055 0.977598617617146 -2.04427682153808
5.11222488055542 0.958974806937312 -2.07685391628671
5.1210276439327 0.940554288795044 -2.10804605176063
5.12961205376853 0.922328539005025 -2.13793539331075
5.13799319700061 0.904289006200072 -2.16659670006902
5.14618485142662 0.886427312541837 -2.19409792214995
5.15419959520638 0.868735369142619 -2.2205008310755
5.16204891888739 0.851205436879181 -2.24586163475271
5.16974333320214 0.83383015276424 -2.27023155226152
5.17729246925805 0.8166025350334 -2.29365733774914
5.18470516973045 0.799515975466493 -2.31618175071113
5.19198957080524 0.782564224409929 -2.33784397426494
5.19915317523469 0.765741371969246 -2.35867998517358
5.20620291717516 0.749041827541244 -2.37872288026716
5.21314521959767 0.732460299014283 -2.3980031640911
5.21998604508221 0.715991772425151 -2.41654900241448
5.22673094077003 0.699631492516906 -2.43438644585433
5.2333850781857 0.683374944425419 -2.45153962742543
5.23995328856733 0.667217836588023 -2.46803093737058
5.24644009426929 0.651156084886246 -2.48388117819709
5.25284973673164 0.635185797986991 -2.49910970245517
5.25918620144649 0.619303263820246 -2.5137345354482
5.26545324029445 0.603504937118521 -2.52777248476351
5.27165439157469 0.587787427938499 -2.54123923825138
5.27779299800854 0.572147491085612 -2.55414945185633
5.28387222295925 0.556582016365261 -2.56651682851282
5.28989506507816 0.541088019588957 -2.57835418915372
5.29586437156026 0.525662634268843 -2.58967353673962
5.30178285016776 0.510303103939493 -2.60048611409769
5.30765308016069 0.495006775051168 -2.61080245625586
5.31347752225532 0.47977109038377 -2.62063243787055
5.31925852771663 0.464593582935433 -2.62998531627048
5.32499834667793 0.449471870243987 -2.63886977057435
5.33069913576947 0.434403649103504 -2.64729393728393
5.33636296512831 0.419386690641678 -2.65526544270575
5.34199182485334 0.404418835727008 -2.66279143251254
5.34758763096196 0.389497990677682 -2.66987859871919
5.35315223089873 0.374622123246629 -2.67653320431586
5.35868740864067 0.359789258859582 -2.68276110577363
5.36419488943916 0.344997477085064 -2.68856777361329
5.36967634423428 0.330244908317145 -2.6939583112068
5.37513339377334 0.315529730653458 -2.69893747196212
5.38056761246275 0.300850166952528 -2.70350967502556
5.3859805319789 0.286204482055833 -2.70767901962109
5.39137364466173 0.271590980161213 -2.71144929813316
5.39674840671213 0.257008002335412 -2.71482400802794
5.40210624121261 0.242453924154468 -2.71780636269764
5.40744854098884 0.22792715346163 -2.72039930130331
5.41277667132817 0.21342612823324 -2.72260549768326
5.41809197257001 0.198949314543772 -2.7244273683868
5.4233957625818 0.18449520462188 -2.72586707988614
5.42868933913298 0.170062314989888 -2.72692655501339
5.43397398217907 0.155649184679701 -2.72760747866371
5.43925095606654 0.141254373518581 -2.72791130280082
5.44452151166899 0.126876460478692 -2.7278392507961
5.44978688846431 0.11251404208468 -2.72739232112842
5.45504831656202 0.0981657308739176 -2.72657129046738
5.46030701868984 0.0838301539043614 -2.7253767161591
5.46556421214775 0.0695059513052359 -2.72380893812994
5.470821110738 0.0551917748660191 -2.72186808021997
5.47607892667901 0.0408862866594229 -2.71955405095482
5.48133887251119 0.0265881576942545 -2.716866543761
5.48660216300241 0.0122960665942204 -2.71380503662693
5.49187001706114 -0.00199130170112239 -2.71036879120833
5.49714365966502 -0.016275257216931 -2.70655685137368
5.50242432381305 -0.0305571062087177 -2.7023680411822
5.50771325250942 -0.044838152416538 -2.69780096228326
5.51301170078766 -0.0591196983111254 -2.69285399072294
5.51832093778378 -0.073403046335326 -2.68752527313975
5.52364224886754 -0.0876895001441433 -2.68181272232786
5.52897693784165 -0.101980365846692 -2.67571401214199
5.53432632921899 -0.116276953253353 -2.66922657171402
5.53969177058883 -0.130580577131437 -2.66234757894688
5.54507463508351 -0.144892558472692 -2.65507395324595
5.55047632395835 -0.15921422577604 -2.64740234744322
5.55589826929799 -0.173546916348978 -2.63932913886321
5.56134193686401 -0.187891977631178 -2.63085041947336
5.5668088290997 -0.202250768543874 -2.62196198505428
5.57230048830935 -0.21662466086879 -2.61265932331733
5.57781850003123 -0.231015040660435 -2.60293760088815
5.58336449662515 -0.245423309695771 -2.59279164906474
5.58894016109791 -0.259850886965397 -2.58221594824773
5.59454723119219 -0.27429921021061 -2.57120461092786
5.60018750376734 -0.288769737510836 -2.55975136310166
5.60586283950374 -0.303263948926223 -2.54784952397035
5.61157516796619 -0.317783348200342 -2.53549198375891
5.61732649306568 -0.332329464528264 -2.52267117947174
5.62311889896401 -0.346903854395498 -2.50937906837778
5.6289545564712 -0.361508103493608 -2.49560709899124
5.63483572999181 -0.376143828718594 -2.48134617928309
5.6407647850839 -0.390812680258468 -2.46658664182334
5.64674419670273 -0.405516343776785 -2.45131820551287
5.65277655821114 -0.420256542699184 -2.43552993351652
5.65886459125014 -0.435035040610398 -2.41921018695411
5.66501115657666 -0.449853643769453 -2.40234657384184
5.6712192659908 -0.464714203751111 -2.38492589270212
5.6774920954939 -0.479618620221887 -2.36693407017155
5.68383299983985 -0.494568843859159 -2.34835609183401
5.69024552866824 -0.509566879422025 -2.32917592538345
5.69673344443805 -0.524614788982555 -2.30937643507641
5.70330074241732 -0.539714695325916 -2.28893928626192
5.70995167302733 -0.554868785527406 -2.26784483857043
5.71669076689252 -0.570079314713716 -2.24607202609583
5.72352286301019 -0.585348610014507 -2.22359822260588
5.73045314053108 -0.600679074708599 -2.20039908945428
5.73748715473522 -0.616073192566438 -2.17644840342573
5.74463087790238 -0.631533532386803 -2.15171786120402
5.75189074591804 -0.647062752720495 -2.12617685648603
5.75927371163181 -0.662663606766601 -2.09979222493618
5.76678730620463 -0.678338947417062 -2.07252795114233
5.77443970995803 -0.694091732411828 -2.04434483043448
5.78223983458884 -0.7099250295485 -2.01520007678146
5.79019741906056 -0.725842021865348 -1.98504686587943
5.7983231420596 -0.741846012682363 -1.95383379984116
5.80662875465402 -0.757940430338185 -1.92150427638086
5.8151272377773 -0.774128832396336 -1.8879957407808
5.82383299046448 -0.790414909005241 -1.85323879281668
5.83276205652028 -0.806802484972748 -1.81715611262987
5.84193239967672 -0.823295519942552 -1.77966115842151
5.85136424057178 -0.839898105814914 -1.74065657355945
5.86108047345253 -0.856614460204336 -1.70003221935969
5.87110718699367 -0.873448914221844 -1.65766271955732
5.88147432299361 -0.890405892130584 -1.61340435882478
5.89220787001685 -0.907476321066633 -1.56712859193188
5.90314949065013 -0.924363963422709 -1.51951208815754
5.91419654421317 -0.940883378035599 -1.47101366948775
5.92528480096349 -0.956923365665599 -1.42193788943247
5.9363754413573 -0.972420342417256 -1.37248444934828
5.94744600369091 -0.987340333067621 -1.3227835497459
5.95848434887371 -1.00166730899433 -1.27292004235222
5.96948474180791 -1.01539584001139 -1.22294948305871
5.98044535068049 -1.02852655263598 -1.17290861975617
5.99136667073798 -1.04106336583345 -1.12282216878288
6.00225054076942 -1.05301183306849 -1.07270716151914
6.01309953540792 -1.06437816444014 -1.02257571895757
6.02391659386401 -1.07516866275466 -0.972436817291657
6.03470479647876 -1.08538940921287 -0.922297409484813
6.04546723317038 -1.09504609808601 -0.872163137436989
6.05620692866234 -1.104143959171 -0.822038784717304
6.06692680254184 -1.11268773102417 -0.771928565333265
6.07762965047961 -1.1206816627548 -0.721836309127935
6.08831813813563 -1.12812953114302 -0.671765582167314
6.09899480252262 -1.13503466527959 -0.621719766357877
6.10966205762471 -1.14139997419403 -0.571702113584372
6.12032220232794 -1.14722797489207 -0.521715783997886
6.13097742950006 -1.15252081938277 -0.471763874511115
6.1416298355389 -1.15728031995494 -0.421849441306066
6.1522814300048 -1.16150797235446 -0.371975518742967
6.16293414513282 -1.16520497673452 -0.322145136169691
6.17358984512923 -1.16837225636892 -0.272361333573872
6.18425033522201 -1.17101047417815 -0.222627176671824
6.1949173704726 -1.17312004714207 -0.172945771811881
6.20559266437798 -1.1747011586787 -0.123320280935968
6.2162778973037 -1.17575376906255 -0.0737539367613592
6.22697472479477 -1.17627762394514 -0.0242500582954233
6.23768478581408 -1.17627226102611 0.0251879332323328
6.24840971095949 -1.17573701490837 0.0745564979520071
6.25915113071119 -1.17467102015509 0.123851960386809
6.26991068376167 -1.17307321255039 0.173070491877612
6.28069002548139 -1.17094232855039 0.222208092335262
6.29149083657481 -1.16827690289456 0.271260571251871
6.30231483198349 -1.16507526433161 0.320223527894579
6.31316377009636 -1.16133552939669 0.369092330595386
6.32403946233095 -1.15705559415841 0.417862095038754
6.3349437831551 -1.15223312383482 0.466527661434691
6.34587868062505 -1.14686554015543 0.515083570448585
6.35684618752423 -1.14095000632218 0.563524037740052
6.36784843319678 -1.13448340939502 0.611842926940858
6.37888765618223 -1.12746233989581 0.66003372087619
6.38996621777204 -1.11988306838833 0.708089490803471
6.40108661662618 -1.11174151874941 0.756002863407651
6.41225150460885 -1.10303323779662 0.80376598525063
6.42346370402726 -1.09375336087912 0.851370484323683
6.43472622648761 -1.08389657296827 0.898807428294167
6.4460422936183 -1.07345706470158 0.946067278969297
6.457415359954 -1.0624284827332 0.993139842418006
6.46884913832693 -1.05080387362371 1.04001421409388
6.48034762817566 -1.03857562035553 1.08667871818399
6.49191514726011 -1.02573537038226 1.13312084026507
6.50355636736738 -1.01227395390149 1.17932715217407
6.51527635471151 -0.998181290771737 1.22528322778588
6.52708061587754 -0.983446284160222 1.27097354812704
6.53897515034393 -0.968056698591897 1.31638139392603
6.55096651084874 -0.951999019546777 1.36148872329098
6.56306187315779 -0.935258291090739 1.40627603168825
6.57526911716719 -0.917817927180535 1.45072219073986
6.58759692175422 -0.899659491198193 1.49480426151699
6.6000548764159 -0.880762436861585 1.53849727692178
6.61259003055524 -0.861204397965488 1.5815578985243
6.62513167885281 -0.841101834027492 1.62369694455053
6.63763362812161 -0.820542925784537 1.66472526691417
6.6500661532581 -0.799595679273622 1.70452038583045
6.66241053295785 -0.778313723946782 1.7430040487853
6.67465539868432 -0.756740372132079 1.78012737563381
6.68679431422962 -0.734911429361971 1.81586109349531
6.69882417420264 -0.712857132522267 1.85018912139558
6.71074414176038 -0.690603489644616 1.88310433718916
6.7225549397584 -0.668173213571381 1.91460576048034
6.73425837343417 -0.645586381548695 1.94469665492282
6.74585700523302 -0.622860910163342 1.97338323021441
6.75735393022155 -0.600012905571 2.00067373852394
6.76875261860821 -0.57705692894069 2.02657783343874
6.78005680357154 -0.55400620359984 2.05110610631748
6.79127040012884 -0.530872781424552 2.0742697447315
6.80239744563635 -0.507667680115012 2.09608027666286
6.81344205565099 -0.484400999117207 2.11654937626095
6.82440839092129 -0.461082019413965 2.135688714758
6.83530063260501 -0.437719290751253 2.15350984519941
6.84612296368674 -0.414320708784021 2.17002411296195
6.85687955515251 -0.390893583918098 2.18524258624251
6.86757455587231 -0.367444703158668 2.19917600220025
6.8782120854119 -0.343980385965874 2.21183472547577
6.8887962291854 -0.320506534908337 2.22322871655052
6.899331035495 -0.297028681760279 2.23336750794833
6.90982051410404 -0.273552029584501 2.24226018668278
6.92026863606306 -0.250081491267226 2.24991538166085
6.93067933456582 -0.226621724912459 2.25634125499167
6.94105650665561 -0.203177166457322 2.26154549633768
6.95140401563777 -0.179752059832008 2.26553531959664
6.96172569408187 -0.1563504849563 2.26831746132442
6.97202534732032 -0.132976383837529 2.2698981804081
6.98230675736874 -0.109633585011418 2.27028325857949
6.99257368720925 -0.0863258265468513 2.26947800142554
7.00282988539105 -0.0630567778178016 2.26748723960596
7.01307909091372 -0.0398300602301338 2.26431533003239
7.02332503836828 -0.016649267077496 2.25996615679889
7.03357146331957 0.00648201731107838 2.25444313168206
7.04382210792036 0.0295601989791356 2.24774919405103
7.05408072675459 0.0525816561619014 2.23988681004503
7.06435109291273 0.0755427213788789 2.23085797088834
7.07463700430795 0.0984396636677029 2.22066419022089
7.08494229024698 0.12126867083107 2.20930650032723
7.0952708182748 0.144025831571358 2.19678544714773
7.10562650131751 0.166707117389133 2.18310108395315
7.11601330515311 0.189308364122131 2.16825296355816
7.12643525624605 0.211825253000577 2.15224012893958
7.13689644998731 0.2342532910928 2.13506110211162
7.1474010593896 0.256587791012135 2.11671387109278
7.1579533442949 0.278823849751962 2.09719587477569
7.16855766116148 0.300956326510479 2.07650398548253
7.17921847350856 0.322979819360396 2.05463448895216
7.18994036311041 0.344888640611122 2.03158306146018
7.20072804204741 0.366676790702198 2.00734474371691
7.21158636574169 0.388337930456577 1.98191391111838
7.22252034712849 0.409865351510894 1.95528423983822
7.23353517214451 0.431251944726952 1.9274486681385
7.24463621675109 0.452490166374162 1.89839935213966
7.25582906575668 0.473572001856597 1.86812761511407
7.26711953376144 0.494488926740274 1.83662388914443
7.27851368862148 0.515231864816326 1.80387764770095
7.29001787792584 0.535791142913246 1.76987732732014
7.30163875910326 0.55615644214631 1.73461023608467
7.31338333393673 0.576316745263702 1.69806244596981
7.3252589884767 0.596260279716274 1.66021866528293
7.337273539625 0.615974456039829 1.62106208630368
7.34943529003982 0.635445801093789 1.58057420172562
7.36175309352353 0.654659885645465 1.5387345814507
7.37423643375645 0.673601245721203 1.49552059847085
7.38689552021162 0.692253297058842 1.45090708865225
7.39966537424814 0.710491387232417 1.40514069082549
7.41244932503726 0.7281594572895 1.35860129771024
7.42519023144301 0.745171624959248 1.31154314207451
7.43785652579183 0.76148573763115 1.26413453093151
7.45043270668884 0.777085904565628 1.21648640065707
7.46291310328419 0.791971402602563 1.1686719926104
7.4752978878808 0.80614982507432 1.12074005469859
7.48759057447163 0.819632948972196 1.07272354420115
7.49979647545595 0.832434299679055 1.02464529536311
7.51192176593873 0.844567756130322 0.976521678156699
7.52397292844209 0.856046783578351 0.928364944917503
7.53595643319526 0.8668840389527 0.880184728026683
7.54787856270508 0.877091193309427 0.831988992283754
7.55974532355996 0.886678877598167 0.783784639080272
7.5715624100983 0.895656695841429 0.735577889396661
7.58333519818767 0.904033272832254 0.68737452701022
7.595068755858 0.911816317323672 0.639180053814565
7.60676786280712 0.919012689966744 0.590999790207563
7.61843703405139 0.925628470150596 0.542838941393563
7.63008054498962 0.931669018754002 0.494702642734624
7.64170245636187 0.937139035453093 0.446595992394744
7.65330663831448 0.942042610140247 0.398524076431252
7.66489679321495 0.946383268494011 0.350491989543207
7.67647647711156 0.950164011978239 0.302504853468975
7.68804911987344 0.953387352646801 0.25456783426676
7.69961804412246 0.956055343151092 0.206686159243089
7.71118648310489 0.958169602327557 0.158865134007431
7.72275759766612 0.959731336702418 0.111110159958439
7.73433449249463 0.960741358202359 0.0634267524060375
7.74592023179849 0.961200098309292 0.015820559476917
7.75751785457308 0.961107618847454 -0.0317026180775791
7.76913038961302 0.96046361954326 -0.0791368060630945
7.78076087041771 0.959267442452729 -0.126475834904696
7.7924123501373 0.957518073307513 -0.173713316472978
7.80408791670622 0.95521413978802 -0.220842619542618
7.8157907083139 0.952353906689772 -0.267856843733446
7.82752392936815 0.948935267906219 -0.314748791761167
7.83929086711521 0.944955735106445 -0.3615109397976
7.85109490909311 0.940412422938404 -0.408135405708294
7.86293956161135 0.935302030536158 -0.454613914897855
7.87482846947102 0.929620819051421 -0.500937763449304
7.88676543716609 0.923364584863699 -0.54709777819189
7.89875445183941 0.916528628047199 -0.593084273270369
7.91079970830782 0.909107715583864 -0.6388870027157
7.92290563652065 0.901096038706836 -0.684495108429703
7.93507693187747 0.892487163633442 -0.729897062891121
7.94731858890615 0.883273974795979 -0.775080605763478
7.95963593889606 0.873448609495566 -0.820032673430595
7.9720346921958 0.86300238268057 -0.864739320296616
7.98452098602859 0.851925700275368 -0.909185630454838
7.99698745547815 0.840316637934169 -0.952958190958889
8.00930181146168 0.828317254680362 -0.995578517814488
8.0213890618373 0.816032512576488 -1.03678977435429
8.03321162677385 0.80353857417881 -1.07647702755681
8.04475528146309 0.790890226213903 -1.11461179206779
8.05601976475194 0.778126841269998 -1.15121560487856
8.06701274381739 0.765276874286814 -1.1863370477849
8.07774605158798 0.75236112254692 -1.22003772533776
8.08823340566369 0.739395029194244 -1.2523839817034
8.09848906743273 0.726390284032657 -1.28344219397665
8.10852708535171 0.713355924749984 -1.31327624326365
8.11836089419509 0.700299090673672 -1.34194628217195
8.12800312672743 0.687225538387794 -1.36950825411073
8.13746554886018 0.674139995718677 -1.39601383348945
8.1467590639642 0.661046406657105 -1.42151058906977
8.15589375365403 0.647948102876924 -1.44604225455027
8.16487893574598 0.634847925824351 -1.46964904011257
8.17372322828253 0.62174831539874 -1.49236794839863
8.18243461346815 0.608651375891858 -1.51423307593996
8.19102049831433 0.595558926278358 -1.53527589121876
8.19948777051851 0.582472539577833 -1.55552548626564
8.20784284908471 0.569393574440887 -1.57500880179228
8.21609172973072 0.556323201077889 -1.59375082741748
8.22424002539986 0.543262422968037 -1.61177477922716
8.23229300231548 0.530212095337315 -1.6291022571067
8.24025561205119 0.51717294109684 -1.64575338422513
8.24813252007842 0.504145564735557 -1.66174693086972
8.25592813121894 0.491130464528646 -1.67710042459916
8.26364661238704 0.478128043333051 -1.69183024844561
8.27129191296118 0.46513861817948 -1.70595172866994
8.27886778308186 0.45216242882657 -1.71947921336964
8.28637779013351 0.439199645411547 -1.73242614305914
8.29382533363357 0.426250375308518 -1.74480511418569
8.30121365872155 0.413314669287971 -1.75662793641016
8.30854586841492 0.400392527057388 -1.76790568436747
8.31582493477636 0.387483902251941 -1.77864874452407
8.3230537091175 0.374588706935356 -1.78886685766708
8.33023493134854 0.361706815663596 -1.79856915748871
8.33737123856856 0.348838069157772 -1.80776420566984
8.34446517298002 0.335982277627344 -1.81646002381483
8.35151918920048 0.323139223780044 -1.8246641225457
8.35853566103597 0.310308665550974 -1.83238352802549
8.3655168877729 0.297490338579793 -1.83962480614841
8.37246510003916 0.284683958461863 -1.84639408460536
8.37938246527925 0.271889222796508 -1.85269707300918
8.38627109288376 0.259105813053174 -1.85853908124232
8.39313303900916 0.246333396274146 -1.86392503617053
8.39997031112049 0.233571626630661 -1.86885949685004
8.40678487228618 0.220820146847577 -1.87334666834057
8.41357864525186 0.208078589510334 -1.8773904142238
8.42035351631734 0.195346578266645 -1.88099426791533
8.42711133903915 0.182623728934225 -1.88416144284763
8.43385393777917 0.169909650524877 -1.88689484159241
8.44058311111848 0.157203946194358 -1.8891970639822
8.44730063515415 0.144506214126677 -1.89107041428326
8.45400826669555 0.131816048360835 -1.89251690746514
8.46070774637612 0.119133039567363 -1.89353827460544
8.46740080169543 0.106456775781582 -1.89413596746243
8.4740891500059 0.0937868431000068 -1.89431116224251
8.4807745014582 0.0811228263459959 -1.89406476258418
8.48745856191861 0.0684643097104123 -1.89339740177497
8.494143035872 0.055810877372835 -1.89230944421296
8.50082962932327 0.0431621141086587 -1.89080098611953
8.50752005271075 0.0305176058872847 -1.88887185550548
8.51421602384474 0.0178769404665241 -1.88652161138756
8.52091927088492 0.00523970798830032 -1.88374954224789
8.52763153537052 -0.00739449841924654 -1.88055466372372
8.53435457531782 -0.0200260820280749 -1.87693571550995
8.54109016840018 -0.0326554418796781 -1.87289115745125
8.54784011522642 -0.0452829721321599 -1.86841916479553
8.55460624273464 -0.0579090613792293 -1.86351762257383
8.56139040771951 -0.0705340919350882 -1.85818411906585
8.5681945005124 -0.0831584390788167 -1.85241593830289
8.57502044883546 -0.0957824702514104 -1.84621005155274
8.58187022185231 -0.108406544198094 -1.83956310772223
8.58874583444042 -0.121031010047915 -1.83247142260423
8.59564935171241 -0.133656206321881 -1.82493096688531
8.60258289381633 -0.146282459860092 -1.81693735281884
8.6095486410484 -0.158910084657289 -1.80848581945522
8.61654883931504 -0.171539380595167 -1.79957121630636
8.62358580598549 -0.184170632058458 -1.79018798530488
8.63066193618124 -0.196804106420292 -1.78033014089952
8.63777970955385 -0.209440052380626 -1.76999124810684
8.64494169760973 -0.222078698139488 -1.75916439831438
8.65215057164753 -0.234720249384492 -1.74784218260205
8.65940911138305 -0.247364887069364 -1.73601666231561
8.66672021434642 -0.260012764957105 -1.72367933658818
8.67408690614872 -0.272664006897771 -1.71082110646105
8.68151235172876 -0.285318703806591 -1.6974322352039
8.68899986770767 -0.297976910303208 -1.68350230437336
8.69655293599821 -0.310638640966951 -1.66902016507811
8.70417521883866 -0.323303866156226 -1.65397388383426
8.71187057544888 -0.335972507331964 -1.63835068229509
8.7196430805383 -0.348644431815484 -1.6221368700205
8.72749704493524 -0.361319446899652 -1.60531776930926
8.73543703865369 -0.373997293218573 -1.58787763094671
8.74346791677086 -0.386677637264587 -1.56979953951388
8.75159484855802 -0.399360062921581 -1.55106530665442
8.75982335039163 -0.412044061859558 -1.53165535038971
8.7681593230759 -0.424729022606206 -1.51154855819842
8.77660909433608 -0.437414218075277 -1.49072213111373
8.7851794674019 -0.450098791287413 -1.4691514055171
8.79387777680017 -0.462781738964166 -1.44680964858872
8.80271195272816 -0.475461892607392 -1.42366782246946
8.81169059569915 -0.488137896589919 -1.39969431104076
8.82082306356239 -0.500808182673943 -1.37485460175858
8.83011957352902 -0.513470940233595 -1.34911091308189
8.83959132252642 -0.526124081277392 -1.32242175556542
8.84925063011282 -0.538765199130777 -1.29474141143829
8.85911110939384 -0.551391519328676 -1.26601931317026
8.8691878730115 -0.563999840854731 -1.23619929571904
8.87949778349604 -0.57658646530638 -1.20521868924061
8.89005976033851 -0.589147110802956 -1.17300720812395
8.90089516044333 -0.601676806396782 -1.13948557690836
8.9120282547518 -0.614169761256839 -1.10456381184682
8.92348683272641 -0.626619200755692 -1.0681390452721
8.93530297956099 -0.639017158459699 -1.03009273316547
8.94751409092721 -0.651354208338831 -0.990287015599821
8.96016422102499 -0.663619114330729 -0.94855989003556
8.97313179453437 -0.675640744494884 -0.905302797088797
8.98626381201778 -0.687240057452875 -0.861035494363997
8.99946368477861 -0.698310521431223 -0.816108231462163
9.01267281158155 -0.708792353759339 -0.770753367646884
9.02585731457522 -0.718654731949637 -0.725123933347044
9.03899902680552 -0.727884188000012 -0.67932068547507
9.05208957587508 -0.736477302515281 -0.633410408567841
9.06512658530638 -0.744436219002305 -0.58743801791348
9.07811127355902 -0.751765944122718 -0.54143444866303
9.09104695557573 -0.758472753271149 -0.495421749486071
9.10393811894956 -0.764563268929419 -0.449416350764579
9.11678986235787 -0.770043942878554 -0.40343115323337
9.12960756066733 -0.774920777552659 -0.357476860056742
9.14239667093961 -0.779199186755468 -0.311562826330254
9.15516262545308 -0.782883935853368 -0.265697602161071
9.16791077807779 -0.785979125816694 -0.219889281982106
9.18064638308695 -0.788488200111654 -0.17414573186861
9.19337459348714 -0.790413962203844 -0.12847474044837
9.20610047095325 -0.7917585966366 -0.0828841223094661
9.21882900257552 -0.792523689708239 -0.0373817922102309
9.23156512156864 -0.792710247550177 0.00802417831399591
9.24431373030025 -0.792318710420887 0.0533255145858961
9.25707972474592 -0.79134896258963 0.0985136979607098
9.26986801994487 -0.7898003374745 0.143579927498356
9.28268357632385 -0.787671617831281 0.188515082117916
9.29553142694501 -0.784961030827548 0.23330968184336
9.30841670585991 -0.781666237817303 0.27795384711652
9.32134467784335 -0.777784318575887 0.32243725535452
9.33432076985535 -0.773311749673614 0.366749094020739
9.34735060464895 -0.768244376563966 0.410878009495103
9.36044003701419 -0.762577378838774 0.454812050991005
9.37359519323061 -0.75630522795609 0.498538608682918
9.38682251439923 -0.74942163657174 0.542044345084616
9.40012880444439 -0.741919498395753 0.585315118551881
9.41352128372547 -0.733790817240312 0.628335897570483
9.42700764938427 -0.72502662361387 0.671090664221057
9.44059614378975 -0.715616876829522 0.713562304873653
9.45413143526257 -0.705674451187127 0.755230914554867
9.46746508991576 -0.695332989546731 0.795627027546685
9.48051721816837 -0.684692460276669 0.834514800050831
9.49325185552038 -0.673825727245831 0.871804610691114
9.50565965515382 -0.66278516769049 0.907492800483258
9.51774649452558 -0.651608289207657 0.941622804264326
9.52952631612385 -0.640322084098951 0.974261279241046
9.54101679860373 -0.62894622472695 1.00548405958462
9.5522521893559 -0.617479427768455 1.03540874376371
9.56332578394533 -0.605852108511284 1.06429963926638
9.57429386233008 -0.594023526754223 1.09230840754526
9.58519042668886 -0.581971189755545 1.11952011568488
9.59603589962506 -0.569684288134661 1.14598007720047
9.60684238121774 -0.55715953594646 1.1717098571448
9.61761687493536 -0.544398494323107 1.19671694991186
9.62836328518745 -0.531405832746556 1.22100067466734
9.63908365995884 -0.518188192352898 1.2445557751974
9.6497789647061 -0.504753439728368 1.26737461354471
9.66044956338732 -0.491110175635701 1.28944849776816
9.67109551587667 -0.477267410896987 1.31076847534632
9.68171676009511 -0.46323435224805 1.3313257968318
9.69231322177311 -0.449020260774048 1.35111217645295
9.70288487886416 -0.434634358426612 1.37011992823699
9.71343179764017 -0.420085766545326 1.38834202640118
9.72395415120815 -0.405383465817786 1.40577212023631
9.73445222721841 -0.390536270720572 1.4224045221958
9.74492642902779 -0.375552813845678 1.43823418074899
9.75537727299854 -0.360441537063422 1.45325664511137
9.76580538361288 -0.345210687485698 1.46746802620328
9.77621148745186 -0.329868316857471 1.48086495647501
9.78659640668799 -0.314422283440794 1.49344455017334
9.79696105248937 -0.298880255743444 1.50520436496637
9.80730641857442 -0.28324971763528 1.51614236543647
9.81763357505614 -0.267537974523316 1.52625688870003
9.82794366265243 -0.25175216034315 1.53554661225869
9.83823788729953 -0.235899245184094 1.54401052409286
9.84851751518125 -0.219986043407283 1.5516478949517
9.85878386817213 -0.204019222146269 1.5584582527614
9.86903831968324 -0.188005310101932 1.56444135905432
9.87928229089455 -0.171950706560549 1.56959718731335
9.88951724735503 -0.155861690577124 1.5739259031214
9.89974469593008 -0.139744430276767 1.57742784600678
9.90996618207628 -0.123604992235605 1.58010351287703
9.92018328742308 -0.107449350909968 1.58195354293778
9.93039762764256 -0.0912833980887286 1.58297870399738
9.94061085058868 -0.0751129523488491 1.58317988006328
9.9508246346893 -0.0589437684986397 1.58255806014076
9.96104068757488 -0.042781546997001 1.58111432815003
9.97126074492953 -0.026631943340158 1.57884985388247
9.98148656955137 -0.0105005774101167 1.57576588492131
9.99171995061025 0.00560695721863221 1.57186373945669
10 0.0186076348802505 1.56811203852405
