A=
         2          6          9          7          0          5 
         6         10          0          7          5          7 
         9          0          4          9          1          6 
         7          7          9          7          7          0 
         0          5          1          7          8          5 
         5          7          6          0          5          2 
Checking if the matrix A is symmetric: True
Checking if A maintans value after function call.
         2          6          9          7          0          5 
         6         10          0          7          5          7 
         9          0          4          9          1          6 
         7          7          9          7          7          0 
         0          5          1          7          8          5 
         5          7          6          0          5          2 
D (eigenvalue matrix)=
     -10.1  -1.78e-13   1.71e-20  -6.94e-08  -3.19e-09  -5.75e-10 
 -1.79e-13       -6.8  -2.12e-22  -3.85e-10   9.03e-12  -2.52e-13 
 -7.63e-17    7.7e-16       2.84  -8.46e-11  -5.94e-15   1.08e-16 
 -6.94e-08  -3.85e-10  -8.46e-11       5.99  -4.49e-16  -1.06e-22 
 -3.19e-09   9.03e-12  -6.22e-15  -2.59e-16       10.2   2.28e-08 
 -5.75e-10  -2.52e-13   3.43e-16   1.94e-15   2.28e-08       30.9 
V (eigenvector matrix)=
    0.0956     -0.804     0.0231       0.25      0.354      0.395 
    -0.327      0.155      0.386      0.518     -0.478      0.472 
    -0.577      0.336     -0.271    -0.0884       0.57      0.385 
     0.484      0.254      0.483     -0.436      0.164        0.5 
    -0.209     -0.285     -0.349     -0.592     -0.533      0.344 
     0.522      0.266     -0.649      0.348     -0.101      0.323 
-----TESTING THE ALGORITHM-----
Testing V^T*V: True
Testing V*V^T: True
Testing V^T*A*T=D: True
Testing V*D*V^T=A: True
